Survey,FIPS,Region,Division,State,,1-unit,,,2-units,,,3-4 units,,,5+ units,,,1-unit rep,,,2-units rep,,,3-4 units rep       ,,,5+ units rep
Date,State,Code,Code,Name,Bldgs,Units,Value,Bldgs,Units,Value,Bldgs,Units,Value,      Bldgs,Units,Value,Bldgs,Units,Value,Bldgs,Units,Value,      Bldgs,Units,Value,Bldgs,Units,Value
 
200206,01,3,6,Alabama,1562,1562,176704,5,10,550,2,7,486,30,271,12268,984,984,108990,2,4,197,1,4,320,11,104,5664
200206,02,4,9,Alaska,181,181,32258,72,144,19294,5,18,2482,0,0,0,132,132,25205,70,140,18939,5,18,2482,0,0,0
200206,04,4,8,Arizona,4923,4923,685086,20,40,2841,5,18,947,113,1374,90199,3830,3830,551671,13,26,2017,4,15,858,99,1277,85193
200206,05,3,7,Arkansas,848,848,117657,16,32,2309,49,196,11545,24,246,10476,747,747,105853,13,26,1904,49,196,11545,22,219,9608
200206,06,4,9,California,10586,10586,1972889,57,114,12159,109,368,34004,162,2295,185842,9243,9243,1736825,44,88,9865,98,331,30702,141,2125,175436
200206,08,4,8,Colorado,3593,3593,551891,25,50,4683,25,94,7217,83,1040,68521,2853,2853,433840,13,26,2407,22,85,6534,64,890,57249
200206,09,1,1,Connecticut,701,701,127293,6,12,851,1,3,78,5,37,1725,529,529,86343,0,0,0,0,0,0,1,6,365
200206,10,3,5,Delaware,475,475,58988,0,0,0,0,0,0,4,20,1316,318,318,45354,0,0,0,0,0,0,0,0,0
200206,11,3,5,District of Columbia,18,18,2274,0,0,0,0,0,0,0,0,0,18,18,2274,0,0,0,0,0,0,0,0,0
200206,12,3,5,Florida,10541,10541,1421789,126,252,21398,63,235,18969,273,5153,375969,9478,9478,1299817,120,240,20590,59,223,18421,259,4961,365571
200206,13,3,5,Georgia,6070,6070,674543,38,76,3896,39,153,8201,79,2369,135417,5152,5152,575355,31,62,3085,24,96,6881,57,2167,126278
200206,15,4,9,Hawaii,369,369,70939,3,6,598,5,20,2604,1,5,400,224,224,43080,3,6,598,4,16,2304,0,0,0
200206,16,4,8,Idaho,911,911,135368,14,28,1929,3,9,538,4,58,2137,715,715,113290,12,24,1658,0,0,0,2,48,1403
200206,17,2,3,Illinois,3891,3891,606671,50,100,10137,68,242,18218,72,1118,75218,2951,2951,466629,29,58,6592,31,119,9084,41,549,41834
200206,18,2,3,Indiana,2893,2893,417024,98,196,15618,13,49,3608,27,338,18454,2376,2376,355256,89,178,14732,12,46,3343,12,250,12912
200206,19,2,4,Iowa,897,897,121105,17,34,3260,5,18,1606,13,208,12229,760,760,101121,16,32,3129,4,15,1375,12,203,11820
200206,20,2,4,Kansas,893,893,125780,15,30,2718,18,70,4902,21,480,22069,764,764,111044,15,30,2718,18,70,4902,21,480,22069
200206,21,3,6,Kentucky,1455,1455,160361,8,16,694,25,90,4105,34,232,14265,1181,1181,139375,7,14,624,14,56,3224,19,157,10826
200206,22,3,7,Louisiana,1180,1180,133554,2,4,237,9,28,1614,1,13,669,894,894,100125,0,0,0,8,25,1414,0,0,0
200206,23,1,1,Maine,607,607,80415,4,8,609,4,14,1697,13,180,6499,372,372,51062,2,4,335,1,4,350,10,160,5000
200206,24,3,5,Maryland,2252,2252,293646,13,26,748,2,8,431,16,184,13280,2205,2205,287072,3,6,348,2,8,431,14,173,12791
200206,25,1,1,Massachusetts,1158,1158,200295,27,54,4376,20,73,5361,23,727,62764,630,630,111050,16,32,2809,17,64,4329,11,582,49795
200206,26,2,3,Michigan,3858,3858,534753,26,52,5163,25,81,6422,65,815,42192,2748,2748,402770,17,34,3152,18,59,4406,44,647,32158
200206,27,2,4,Minnesota,2525,2525,388089,23,46,4837,31,102,6435,31,437,32546,1995,1995,318197,7,14,1590,14,50,4231,16,274,19640
200206,28,3,6,Mississippi,748,748,82035,2,4,215,3,11,305,27,295,13793,621,621,70130,1,2,150,2,8,180,24,272,12959
200206,29,2,4,Missouri,1716,1716,229152,92,184,14629,22,79,5829,7,58,2633,1493,1493,205652,76,152,11343,17,59,4819,3,25,1327
200206,30,4,8,Montana,220,220,24605,16,32,2229,3,11,526,8,108,4786,192,192,22234,15,30,2100,2,7,362,8,108,4786
200206,31,2,4,Nebraska,591,591,77764,11,22,1737,5,16,1041,8,185,9817,433,433,56035,8,16,1310,5,16,1041,6,160,8621
200206,32,4,8,Nevada,2369,2369,313554,3,6,491,8,27,2850,50,652,80602,2344,2344,311176,3,6,491,8,27,2850,49,647,80325
200206,33,1,1,New Hampshire,569,569,85488,9,18,1621,0,0,0,4,20,1362,306,306,48366,7,14,1198,0,0,0,0,0,0
200206,34,1,2,New Jersey,1907,1907,239694,83,166,13099,20,66,4089,47,556,32541,1041,1041,138401,53,106,9570,11,36,3257,21,265,14452
200206,35,4,8,New Mexico,941,941,122401,0,0,0,1,3,135,1,7,271,635,635,73252,0,0,0,0,0,0,0,0,0
200206,36,1,2,New York,2479,2479,398144,176,352,33927,140,430,36117,63,1727,119876,1651,1651,277723,133,266,21662,122,371,29088,43,1545,106003
200206,37,3,5,North Carolina,5553,5553,734096,65,130,9087,25,91,6275,108,1393,56342,4263,4263,576611,48,96,7260,23,85,6026,89,1071,41483
200206,38,2,4,North Dakota,189,189,24342,6,12,720,2,8,930,3,76,5051,169,169,21864,6,12,720,2,8,930,3,76,5051
200206,39,2,3,Ohio,3719,3719,567811,59,118,10247,51,186,11838,76,698,36155,2326,2326,362098,36,72,6191,31,116,6444,40,278,17941
200206,40,3,7,Oklahoma,819,819,106748,2,4,221,1,3,239,6,53,2373,684,684,87115,0,0,0,0,0,0,2,11,643
200206,41,4,9,Oregon,1551,1551,265661,22,44,4224,17,67,7850,25,189,12613,1208,1208,217788,11,22,2176,14,56,6965,13,86,6134
200206,42,1,2,Pennsylvania,3473,3473,450491,44,88,5730,21,79,5408,31,268,16014,2504,2504,323773,28,56,2091,16,61,4233,7,100,3842
200206,44,1,1,Rhode Island,208,208,28221,9,18,1269,22,86,2948,0,0,0,139,139,18549,8,16,1211,22,86,2948,0,0,0
200206,45,3,5,South Carolina,2697,2697,359035,12,24,1209,9,34,2080,35,311,14948,2154,2154,293592,8,16,732,7,28,1502,29,264,10240
200206,46,2,4,South Dakota,366,366,41150,3,6,335,1,3,195,9,70,2960,308,308,34984,3,6,335,0,0,0,7,60,2519
200206,47,3,6,Tennessee,2777,2777,324997,13,26,1172,7,24,1456,17,129,7776,2506,2506,295082,9,18,860,5,17,1132,13,96,6471
200206,48,3,7,Texas,10778,10778,1453414,119,238,14122,258,1015,43655,158,2372,135841,8543,8543,1201493,96,192,11875,230,920,40415,142,2142,125268
200206,49,4,8,Utah,1710,1710,221198,10,20,2455,17,63,3381,14,141,11904,1350,1350,176336,8,16,2023,3,10,565,10,109,9350
200206,50,1,1,Vermont,209,209,29007,5,10,769,1,4,80,3,57,3195,113,113,18578,3,6,436,1,4,80,1,44,1900
200206,51,3,5,Virginia,4030,4030,497612,23,46,2016,6,22,2259,66,1047,65794,3416,3416,426587,9,18,777,5,19,1295,49,861,51553
200206,53,4,9,Washington,3186,3186,462039,46,92,8429,26,94,8033,64,1038,78211,2301,2301,352614,35,70,6524,20,74,6488,50,900,68210
200206,54,3,5,West Virginia,326,326,34150,1,2,23,12,37,2265,3,17,658,141,141,12654,0,0,0,1,4,90,0,0,0
200206,55,2,3,Wisconsin,2463,2463,353889,85,170,17271,39,151,10676,69,1101,61517,1821,1821,261784,62,124,13436,23,90,6578,46,894,50704
200206,56,4,8,Wyoming,194,194,31282,0,0,0,0,0,0,2,14,784,157,157,26534,0,0,0,0,0,0,0,0,0
200206,US,0,0,United States,118175,118175,16647350,1581,3162,266152,1243,4506,301929,1998,30182,1962273,93918,93918,13482602,1188,2376,201759,975,3602,244424,1511,25286,1675393
200206,R1,1,0,Northeast Region,11311,11311,1639048,363,726,62251,229,755,55778,189,3572,243976,7285,7285,1073845,250,500,39311,190,626,44285,94,2702,181357
200206,R2,2,0,Midwest Region,24001,24001,3487529,485,970,86673,280,1005,71701,401,5584,320842,18144,18144,2697434,364,728,65249,175,648,47154,251,3896,226597
200206,R3,3,0,South Region,52129,52129,6631603,445,890,57897,510,1954,103884,881,14105,861185,43305,43305,5627480,347,694,48402,430,1689,92876,730,12498,779353
200206,R4,4,0,West Region,30734,30734,4889170,288,576,59331,224,792,70566,527,6921,536270,25184,25184,4083843,227,454,48797,180,639,60109,436,6190,488086
200206,D1,1,1,New England Division,3452,3452,550719,60,120,9496,48,180,10164,48,1021,75545,2089,2089,333948,36,72,5989,41,158,7707,23,792,57060
200206,D2,1,2,Middle Atlantic Division,7859,7859,1088329,303,606,52755,181,575,45614,141,2551,168431,5196,5196,739897,214,428,33322,149,468,36578,71,1910,124297
200206,D3,2,3,East North Central Divisi,16824,16824,2480148,318,636,58437,196,709,50762,309,4070,233536,12222,12222,1848536,233,466,44104,115,430,29856,183,2618,155549
200206,D4,2,4,West North Central Divisi,7177,7177,1007381,167,334,28236,84,296,20939,92,1514,87306,5922,5922,848898,131,262,21145,60,218,17298,68,1278,71048
200206,D5,3,5,South Atlantic Division,31962,31962,4076132,278,556,38377,156,580,40480,584,10494,663724,27145,27145,3519316,219,438,32792,121,463,34647,497,9497,607916
200206,D6,3,6,East South Central Divisi,6542,6542,744097,28,56,2631,37,132,6352,108,927,48102,5292,5292,613577,19,38,1831,22,85,4856,67,629,35918
200206,D7,3,7,West South Central Divisi,13625,13625,1811374,139,278,16889,317,1242,57052,189,2684,149359,10868,10868,1494587,109,218,13779,287,1141,53373,166,2372,135519
200206,D8,4,8,Mountain Division,14861,14861,2085385,88,176,14627,62,225,15594,275,3394,259204,12076,12076,1708332,64,128,10695,39,144,11168,232,3079,238306
200206,D9,4,9,Pacific Division,15873,15873,2803785,200,400,44704,162,567,54972,252,3527,277066,13108,13108,2375511,163,326,38102,141,495,48941,204,3111,249780
