Survey,FIPS,Region,Division,State,,1-unit,,,2-units,,,3-4 units,,,5+ units,,,1-unit rep,,,2-units rep,,,3-4 units rep       ,,,5+ units rep
Date,State,Code,Code,Name,Bldgs,Units,Value,Bldgs,Units,Value,Bldgs,Units,Value,      Bldgs,Units,Value,Bldgs,Units,Value,Bldgs,Units,Value,      Bldgs,Units,Value,Bldgs,Units,Value
 
200412,01,3,6,Alabama,2104,2104,272862,0,0,0,1,3,162,17,431,56240,1691,1691,226365,0,0,0,1,3,162,9,332,51588
200412,02,4,9,Alaska,79,79,13978,12,24,3218,2,8,761,14,102,12168,53,53,10122,11,22,3072,2,8,761,14,102,12168
200412,04,4,8,Arizona,5535,5535,912625,13,26,2315,27,95,8417,58,1222,94725,4993,4993,851725,11,22,2022,26,91,8278,56,1192,92711
200412,05,3,7,Arkansas,728,728,110370,37,74,6948,21,82,5310,34,517,23611,621,621,98139,34,68,6532,19,75,4952,25,400,18144
200412,06,4,9,California,10836,10836,2231921,65,130,15137,94,315,31085,259,6555,567556,9925,9925,2060830,59,118,13918,86,288,29610,209,5955,521280
200412,08,4,8,Colorado,2726,2726,487667,18,36,3793,27,95,9648,51,765,62120,2634,2634,471173,17,34,3576,26,92,9404,50,760,61568
200412,09,1,1,Connecticut,635,635,134923,6,12,591,1,4,100,10,248,15366,569,569,119051,2,4,215,1,4,100,6,194,12857
200412,10,3,5,Delaware,556,556,61547,0,0,0,0,0,0,5,61,1193,443,443,51855,0,0,0,0,0,0,0,0,0
200412,11,3,5,District of Columbia,6,6,664,0,0,0,0,0,0,1,103,9498,6,6,664,0,0,0,0,0,0,1,103,9498
200412,12,3,5,Florida,13750,13750,2263055,86,172,13136,81,291,39388,255,4761,513691,12603,12603,2081734,83,166,12755,78,281,38454,232,4388,478274
200412,13,3,5,Georgia,6197,6197,858684,37,74,4770,26,97,6329,73,1891,108083,5680,5680,796594,32,64,4079,15,54,4684,58,1770,104556
200412,15,4,9,Hawaii,350,350,76645,3,6,608,5,20,948,26,138,10241,312,312,65558,3,6,608,5,20,948,25,133,9572
200412,16,4,8,Idaho,1171,1171,188216,13,26,2660,10,37,2067,11,90,4618,992,992,167280,12,24,2391,6,23,1206,9,77,3742
200412,17,2,3,Illinois,2717,2717,538860,59,118,11337,104,369,31216,56,954,84159,2309,2309,466453,44,88,8315,88,319,27716,41,807,73547
200412,18,2,3,Indiana,2056,2056,338457,50,100,9990,28,103,9393,54,751,49042,1750,1750,299627,29,58,6599,23,86,8209,49,709,46962
200412,19,2,4,Iowa,708,708,109007,9,18,2221,4,13,1288,6,60,5047,667,667,104249,9,18,2221,4,13,1288,6,60,5047
200412,20,2,4,Kansas,789,789,132805,70,140,10491,14,49,4714,10,64,2846,766,766,129868,70,140,10491,14,49,4714,10,64,2846
200412,21,3,6,Kentucky,1027,1027,131841,11,22,1274,9,31,1955,23,281,15180,860,860,114181,7,14,798,6,22,1581,17,249,13774
200412,22,3,7,Louisiana,1330,1330,181466,14,28,1964,4,12,707,17,181,10927,845,845,121572,12,24,1768,1,3,224,0,0,0
200412,23,1,1,Maine,582,582,90984,7,14,1194,3,10,867,3,19,1796,357,357,60351,3,6,559,0,0,0,0,0,0
200412,24,3,5,Maryland,1654,1654,245618,3,6,829,2,7,524,26,422,27457,1514,1514,223531,2,4,685,2,7,524,22,394,26104
200412,25,1,1,Massachusetts,1050,1050,234545,113,226,20417,11,38,4036,34,1037,92699,773,773,187771,98,196,17394,5,18,1510,20,833,74062
200412,26,2,3,Michigan,2558,2558,394001,19,38,2982,20,70,7459,21,179,17310,2037,2037,330758,12,24,2046,11,39,4012,15,144,15520
200412,27,2,4,Minnesota,1978,1978,359517,11,22,3168,38,119,14345,46,1134,111250,1640,1640,313623,9,18,2831,26,82,11097,30,1044,105284
200412,28,3,6,Mississippi,702,702,84263,2,4,110,4,16,1197,12,106,5331,546,546,69702,1,2,42,4,16,1197,7,63,3800
200412,29,2,4,Missouri,1888,1888,287472,75,150,10723,21,83,4876,15,251,17222,1814,1814,278654,69,138,9810,21,83,4876,14,246,17058
200412,30,4,8,Montana,188,188,26884,6,12,1030,11,40,3082,11,112,9026,183,183,26530,5,10,964,10,37,2910,10,107,8817
200412,31,2,4,Nebraska,599,599,89740,3,6,512,0,0,0,18,213,9216,574,574,86597,3,6,512,0,0,0,17,208,8813
200412,32,4,8,Nevada,2461,2461,326814,0,0,0,14,49,3019,16,170,7748,2459,2459,326638,0,0,0,14,49,3019,16,170,7748
200412,33,1,1,New Hampshire,431,431,80211,8,16,1538,4,13,1575,4,34,1767,279,279,55969,7,14,1352,2,6,916,0,0,0
200412,34,1,2,New Jersey,1709,1709,271011,154,308,25539,68,213,15013,48,901,70655,1350,1350,224466,142,284,23716,63,198,13833,32,676,55559
200412,35,4,8,New Mexico,855,855,131298,1,2,117,21,81,4425,5,81,4516,598,598,100509,0,0,0,20,78,4338,1,25,2318
200412,36,1,2,New York,2003,2003,375338,170,340,28802,175,545,40727,84,1934,123357,1480,1480,298107,159,318,27070,159,485,38517,51,1577,104274
200412,37,3,5,North Carolina,5735,5735,899958,45,90,7775,12,42,6362,81,1020,62823,4862,4862,785662,41,82,7286,12,42,6362,71,893,53072
200412,38,2,4,North Dakota,105,105,21130,1,2,240,1,4,338,3,22,1524,95,95,19537,1,2,240,1,4,338,3,22,1524
200412,39,2,3,Ohio,2408,2408,435998,42,84,6134,80,288,21345,22,222,10037,2089,2089,388827,29,58,4973,74,266,20092,18,177,8575
200412,40,3,7,Oklahoma,1117,1117,159515,5,10,669,21,84,2205,14,284,13399,1054,1054,152351,4,8,440,21,84,2205,12,264,12100
200412,41,4,9,Oregon,1685,1685,309321,24,48,4903,77,300,23599,19,164,14059,1408,1408,267777,17,34,3540,73,286,22532,13,116,11310
200412,42,1,2,Pennsylvania,2200,2200,364181,19,38,3081,27,95,8335,38,464,29074,1656,1656,287856,12,24,2176,15,55,5480,24,375,23792
200412,44,1,1,Rhode Island,134,134,23848,2,4,224,2,7,551,3,15,664,95,95,17764,1,2,160,2,7,551,2,10,397
200412,45,3,5,South Carolina,2718,2718,385199,3,6,373,30,118,12345,97,1274,99387,2315,2315,335927,3,6,373,27,106,11501,89,1171,93239
200412,46,2,4,South Dakota,224,224,29403,3,6,495,1,3,158,3,73,5163,192,192,25449,3,6,495,0,0,0,2,68,4969
200412,47,3,6,Tennessee,2739,2739,344791,14,28,1518,23,88,3232,36,699,41939,2399,2399,310051,11,22,1289,21,82,3005,33,680,41161
200412,48,3,7,Texas,10070,10070,1414618,84,168,10467,47,186,10925,88,1724,115218,9407,9407,1331851,82,164,10296,44,175,10370,80,1648,111978
200412,49,4,8,Utah,1308,1308,211340,11,22,2231,9,30,3525,6,92,6641,1143,1143,187581,10,20,2032,8,27,3133,4,73,5484
200412,50,1,1,Vermont,148,148,21665,4,8,662,2,8,800,1,6,808,64,64,10278,1,2,200,2,8,800,0,0,0
200412,51,3,5,Virginia,3488,3488,524022,29,58,4113,13,50,3390,43,774,56744,3051,3051,458948,26,52,3585,12,47,3090,37,671,52659
200412,53,4,9,Washington,2493,2493,428432,55,110,10510,34,124,11968,97,1241,100621,1911,1911,342695,43,86,8266,33,121,11678,85,1134,94189
200412,54,3,5,West Virginia,312,312,50809,3,6,509,1,4,180,1,5,226,102,102,20299,2,4,200,0,0,0,0,0,0
200412,55,2,3,Wisconsin,1701,1701,292468,76,152,14545,18,71,6639,36,441,58694,1356,1356,240248,55,110,11073,14,56,5324,29,390,55367
200412,56,4,8,Wyoming,163,163,21657,2,4,330,5,18,1602,3,16,784,98,98,13345,1,2,200,0,0,0,0,0,0
200412,US,0,0,United States,110706,110706,17981643,1497,2994,256192,1253,4428,372130,1914,34304,2763465,96620,96620,16016691,1287,2574,223168,1097,3895,335497,1554,30474,2517306
200412,R1,1,0,Northeast Region,8892,8892,1596707,483,966,82047,293,933,72005,225,4658,336185,6623,6623,1261613,425,850,72842,249,781,61706,135,3665,270941
200412,R2,2,0,Midwest Region,17731,17731,3028858,418,836,72839,329,1172,101769,290,4364,371509,15289,15289,2683889,333,666,59606,276,997,87665,234,3939,345511
200412,R3,3,0,South Region,54233,54233,7989283,373,746,54454,295,1111,94210,823,14534,1160947,47999,47999,7179426,340,680,50129,263,997,88311,693,13026,1069946
200412,R4,4,0,West Region,29850,29850,5366795,223,446,46852,336,1212,104146,576,10748,894824,26709,26709,4891763,189,378,40591,309,1120,97815,492,9844,830908
200412,D1,1,1,New England Division,2980,2980,586176,140,280,24625,23,80,7929,55,1359,113100,2137,2137,451184,112,224,19880,12,43,3876,28,1037,87316
200412,D2,1,2,Middle Atlantic Division,5912,5912,1010531,343,686,57422,270,853,64076,170,3299,223085,4486,4486,810429,313,626,52962,237,738,57830,107,2628,183625
200412,D3,2,3,East North Central Divisi,11440,11440,1999784,246,492,44989,250,901,76051,189,2547,219242,9541,9541,1725913,169,338,33005,210,766,65353,152,2227,199971
200412,D4,2,4,West North Central Divisi,6291,6291,1029074,172,344,27850,79,271,25718,101,1817,152267,5748,5748,957976,164,328,26601,66,231,22312,82,1712,145540
200412,D5,3,5,South Atlantic Division,34416,34416,5289556,206,412,31506,165,609,68518,582,10311,879102,30576,30576,4755214,189,378,28963,146,537,64615,510,9390,817402
200412,D6,3,6,East South Central Divisi,6572,6572,833757,27,54,2901,37,138,6545,88,1517,118690,5496,5496,720299,19,38,2129,32,123,5945,66,1324,110322
200412,D7,3,7,West South Central Divisi,13245,13245,1865970,140,280,20047,93,364,19147,153,2706,163155,11927,11927,1703913,132,264,19037,85,337,17751,117,2312,142222
200412,D8,4,8,Mountain Division,14407,14407,2306499,64,128,12476,124,445,35786,161,2548,190179,13100,13100,2144782,56,112,11186,110,397,32287,146,2404,182389
200412,D9,4,9,Pacific Division,15443,15443,3060296,159,318,34376,212,767,68360,415,8200,704645,13609,13609,2746981,133,266,29405,199,723,65528,346,7440,648519
