Survey,FIPS,Region,Division,State,,1-unit,,,2-units,,,3-4 units,,,5+ units,,,1-unit rep,,,2-units rep,,,3-4 units rep       ,,,5+ units rep
Date,State,Code,Code,Name,Bldgs,Units,Value,Bldgs,Units,Value,Bldgs,Units,Value,      Bldgs,Units,Value,Bldgs,Units,Value,Bldgs,Units,Value,      Bldgs,Units,Value,Bldgs,Units,Value
 
200601,01,3,6,Alabama,2227,2227,341629,11,22,1174,0,0,0,14,236,19504,1859,1859,300955,11,22,1174,0,0,0,8,130,13059
200601,02,4,9,Alaska,68,68,13629,5,10,1540,5,16,1542,0,0,0,47,47,10024,5,10,1540,5,16,1542,0,0,0
200601,04,4,8,Arizona,5502,5502,955535,38,76,6047,75,236,22318,85,1113,92577,5196,5196,913846,31,62,4970,71,223,21496,80,1055,87616
200601,05,3,7,Arkansas,936,936,132886,63,126,15771,4,12,686,19,305,16402,752,752,111726,54,108,14272,2,6,340,10,220,12084
200601,06,4,9,California,8874,8874,1873413,96,192,22458,66,235,31743,155,2470,321006,7307,7307,1572996,86,172,20047,49,174,25626,111,2098,283297
200601,08,4,8,Colorado,2719,2719,561594,59,118,5798,9,31,3026,12,282,30545,2516,2516,524874,49,98,5359,8,28,2682,11,277,30178
200601,09,1,1,Connecticut,447,447,96624,4,8,610,0,0,0,14,90,5848,355,355,73953,4,8,610,0,0,0,0,0,0
200601,10,3,5,Delaware,560,560,67856,0,0,0,0,0,0,2,17,358,50,50,5344,0,0,0,0,0,0,0,0,0
200601,11,3,5,District of Columbia,2,2,250,0,0,0,0,0,0,7,616,22508,2,2,250,0,0,0,0,0,0,7,616,22508
200601,12,3,5,Florida,16079,16079,2975837,51,102,11027,67,246,29204,283,4640,544174,13993,13993,2637221,42,84,8208,56,204,24975,234,3853,450699
200601,13,3,5,Georgia,6586,6586,993416,17,34,2432,34,133,10250,91,1850,150827,5635,5635,872892,8,16,1238,31,122,9650,68,1635,135929
200601,15,4,9,Hawaii,460,460,100954,0,0,0,0,0,0,0,0,3000,432,432,93295,0,0,0,0,0,0,0,0,3000
200601,16,4,8,Idaho,1194,1194,202233,9,18,1813,13,51,2758,2,12,690,983,983,167772,8,16,1650,7,28,1642,2,12,690
200601,17,2,3,Illinois,2621,2621,518431,102,204,20963,74,252,17793,73,1784,131282,2215,2215,442784,87,174,18111,70,239,16673,56,1642,120628
200601,18,2,3,Indiana,1658,1658,305873,40,80,7163,18,67,4935,38,363,20859,1467,1467,277105,31,62,5809,15,58,4260,33,313,18402
200601,19,2,4,Iowa,581,581,91798,8,16,1302,2,7,569,11,182,19297,482,482,78557,8,16,1302,2,7,569,10,167,18479
200601,20,2,4,Kansas,746,746,122604,8,16,1812,2,7,693,8,53,3221,668,668,111620,5,10,1197,0,0,0,7,48,3036
200601,21,3,6,Kentucky,943,943,144071,8,16,1073,8,29,2254,11,133,6581,573,573,90246,7,14,942,6,22,1777,3,38,2668
200601,22,3,7,Louisiana,1449,1449,159126,21,42,1603,4,14,672,6,53,3121,828,828,93893,15,30,1140,2,8,404,0,0,0
200601,23,1,1,Maine,396,396,63597,3,6,473,1,3,261,3,17,1059,183,183,32505,1,2,270,0,0,0,0,0,0
200601,24,3,5,Maryland,1522,1522,219092,3,6,463,1,4,291,9,114,10595,1441,1441,209414,3,6,463,0,0,0,2,24,2825
200601,25,1,1,Massachusetts,904,904,188849,38,76,6587,10,33,3081,30,438,36440,635,635,138919,27,54,4488,8,27,2591,17,319,25608
200601,26,2,3,Michigan,1660,1660,263280,14,28,2940,8,27,3559,21,223,19090,1115,1115,190352,9,18,2008,2,7,1756,6,93,10366
200601,27,2,4,Minnesota,1247,1247,274879,16,32,4234,3,10,1094,8,111,11464,989,989,234956,5,10,1506,2,7,855,3,72,8358
200601,28,3,6,Mississippi,939,939,116642,6,12,680,13,42,1820,7,73,4472,761,761,97254,2,4,150,10,30,1381,0,0,0
200601,29,2,4,Missouri,1415,1415,253000,70,140,10131,19,67,5619,17,287,18849,1337,1337,240154,67,134,9634,17,61,5034,12,248,16214
200601,30,4,8,Montana,279,279,45944,5,10,1188,4,15,1544,11,255,1647,175,175,28531,4,8,1042,3,11,1169,10,250,1510
200601,31,2,4,Nebraska,465,465,69568,7,14,1319,0,0,0,13,171,7791,296,296,40663,3,6,658,0,0,0,1,8,543
200601,32,4,8,Nevada,2567,2567,375575,0,0,0,17,64,4246,6,366,87766,2559,2559,374811,0,0,0,17,64,4246,5,361,87452
200601,33,1,1,New Hampshire,295,295,53429,2,4,829,0,0,0,5,44,4106,167,167,32293,0,0,0,0,0,0,1,20,2649
200601,34,1,2,New Jersey,1426,1426,258546,161,322,35729,50,164,10825,42,343,21747,1025,1025,202777,128,256,31283,43,142,9093,21,163,6096
200601,35,4,8,New Mexico,921,921,140136,0,0,0,9,35,2372,4,110,8946,366,366,66338,0,0,0,7,28,2062,3,88,7893
200601,36,1,2,New York,1267,1267,269056,127,254,24292,149,458,41427,65,1954,167385,779,779,188422,122,244,23117,146,449,40852,56,1884,159776
200601,37,3,5,North Carolina,6641,6641,1099923,34,68,4202,21,70,4816,76,1454,95136,5184,5184,886935,28,56,3417,9,34,3367,64,1289,85180
200601,38,2,4,North Dakota,18,18,3380,1,2,226,1,3,451,0,0,0,18,18,3380,1,2,226,1,3,451,0,0,0
200601,39,2,3,Ohio,2092,2092,380715,56,112,9671,37,127,10023,45,330,17830,1460,1460,289818,35,70,6051,22,82,8943,8,94,5846
200601,40,3,7,Oklahoma,1184,1184,186349,10,20,1549,3,12,732,8,101,6325,717,717,123114,8,16,1258,2,8,450,0,0,0
200601,41,4,9,Oregon,1530,1530,314842,25,50,5468,26,100,9631,24,360,44290,1306,1306,278100,21,42,4728,22,86,8755,21,335,43007
200601,42,1,2,Pennsylvania,2585,2585,427708,29,58,5881,11,38,3521,28,430,32426,1894,1894,322310,25,50,5344,7,25,2444,15,319,24736
200601,44,1,1,Rhode Island,153,153,26923,6,12,580,2,6,263,3,24,1426,105,105,19122,6,12,580,1,3,75,0,0,0
200601,45,3,5,South Carolina,3381,3381,492152,6,12,1387,17,63,5380,45,1072,84945,2408,2408,337760,3,6,948,12,46,3732,32,935,75413
200601,46,2,4,South Dakota,225,225,29795,2,4,376,1,3,283,61,605,46312,204,204,26550,2,4,376,1,3,283,60,600,46164
200601,47,3,6,Tennessee,3264,3264,421733,28,56,3764,10,37,2671,22,425,24498,2809,2809,371655,23,46,3175,10,37,2671,17,344,21156
200601,48,3,7,Texas,13392,13392,2019656,127,254,17375,148,582,40269,191,4506,315254,11826,11826,1810172,119,238,16610,139,552,38953,170,4233,302960
200601,49,4,8,Utah,1645,1645,317707,7,14,1269,3,9,851,11,95,9423,1416,1416,280826,2,4,464,0,0,0,7,74,7633
200601,50,1,1,Vermont,116,116,26219,6,12,1180,1,3,293,0,0,0,55,55,17279,0,0,0,0,0,0,0,0,0
200601,51,3,5,Virginia,3368,3368,552121,17,34,2668,13,48,3991,26,899,58837,2931,2931,482744,15,30,2359,12,45,3758,22,823,54659
200601,53,4,9,Washington,2374,2374,445829,58,116,12294,24,93,9701,60,588,52821,1694,1694,328620,42,84,8488,19,74,7641,48,446,42209
200601,54,3,5,West Virginia,412,412,84120,5,10,809,3,10,800,8,49,3920,339,339,68718,4,8,720,3,10,800,8,49,3920
200601,55,2,3,Wisconsin,1148,1148,229344,56,112,14978,15,53,5361,31,332,18981,800,800,174260,37,74,9770,10,38,4187,18,229,14143
200601,56,4,8,Wyoming,137,137,25914,1,2,130,2,8,1372,3,20,947,27,27,9486,0,0,0,0,0,0,0,0,0
200601,US,0,0,United States,112620,112620,19333784,1466,2932,275258,1003,3523,304991,1714,29995,2606525,92381,92381,16287592,1193,2386,226702,849,3007,267186,1267,25404,2258589
200601,R1,1,0,Northeast Region,7589,7589,1410951,376,752,76161,224,705,59670,190,3340,270437,5198,5198,1027580,313,626,65693,205,646,55055,110,2705,218865
200601,R2,2,0,Midwest Region,13876,13876,2542668,380,760,75115,180,623,50381,326,4441,314975,11051,11051,2110199,290,580,56648,142,505,43012,214,3514,262178
200601,R3,3,0,South Region,62885,62885,10006858,407,814,65977,346,1302,103837,825,16543,1367456,52108,52108,8500292,342,684,56073,294,1124,92258,645,14189,1183061
200601,R4,4,0,West Region,28270,28270,5373307,303,606,58005,253,893,91103,373,5671,653657,24024,24024,4649521,248,496,48288,208,732,76861,298,4996,594485
200601,D1,1,1,New England Division,2311,2311,455642,59,118,10258,14,45,3897,55,613,48879,1500,1500,314071,38,76,5948,9,30,2666,18,339,28257
200601,D2,1,2,Middle Atlantic Division,5278,5278,955309,317,634,65903,210,660,55773,135,2727,221558,3698,3698,713509,275,550,59745,196,616,52389,92,2366,190608
200601,D3,2,3,East North Central Divisi,9179,9179,1697644,268,536,55715,152,526,41670,208,3032,208042,7057,7057,1374319,199,398,41749,119,424,35819,121,2371,169384
200601,D4,2,4,West North Central Divisi,4697,4697,845024,112,224,19400,28,97,8711,118,1409,106933,3994,3994,735880,91,182,14899,23,81,7193,93,1143,92794
200601,D5,3,5,South Atlantic Division,38551,38551,6484767,133,266,22988,156,574,54732,547,10711,971299,31983,31983,5501278,103,206,17353,123,461,46282,437,9224,831134
200601,D6,3,6,East South Central Divisi,7373,7373,1024075,53,106,6691,31,108,6745,54,867,55055,6002,6002,860110,43,86,5441,26,89,5829,28,512,36883
200601,D7,3,7,West South Central Divisi,16961,16961,2498016,221,442,36298,159,620,42360,224,4965,341102,14123,14123,2138904,196,392,33279,145,574,40147,180,4453,315044
200601,D8,4,8,Mountain Division,14964,14964,2624639,119,238,16244,132,449,38487,134,2253,232540,13238,13238,2366485,94,188,13485,113,382,33297,118,2117,222972
200601,D9,4,9,Pacific Division,13306,13306,2748668,184,368,41761,121,444,52616,239,3418,421117,10786,10786,2283036,154,308,34803,95,350,43564,180,2879,371513
