Survey,FIPS,Region,Division,State,,1-unit,,,2-units,,,3-4 units,,,5+ units,,,1-unit rep,,,2-units rep,,,3-4 units rep       ,,,5+ units rep
Date,State,Code,Code,Name,Bldgs,Units,Value,Bldgs,Units,Value,Bldgs,Units,Value,      Bldgs,Units,Value,Bldgs,Units,Value,Bldgs,Units,Value,      Bldgs,Units,Value,Bldgs,Units,Value
 
200711,01,3,6,Alabama,1166,1166,169851,3,6,248,3,11,1400,48,777,51041,939,939,135701,3,6,248,3,11,1400,36,592,39385
200711,02,4,9,Alaska,49,49,10622,7,14,2528,0,0,0,2,83,7219,24,24,5878,4,8,1859,0,0,0,2,83,7219
200711,04,4,8,Arizona,1488,1488,286099,14,28,3121,24,76,8349,75,1638,175360,1259,1259,251861,11,22,2601,23,72,8123,73,1625,174435
200711,05,3,7,Arkansas,415,415,63536,20,40,3856,1,3,367,19,268,21386,321,321,47545,10,20,1323,0,0,0,15,227,19019
200711,06,4,9,California,3014,3014,688779,71,142,19429,31,103,10636,125,1980,234536,2504,2504,582182,58,116,15553,12,39,5192,98,1692,197040
200711,08,4,8,Colorado,1156,1156,315279,23,46,5482,3,11,2201,23,358,58804,962,962,269295,23,46,5482,2,8,1713,10,193,37149
200711,09,1,1,Connecticut,468,468,123357,14,28,3091,1,4,200,6,138,16065,411,411,106276,14,28,3091,1,4,200,2,92,13355
200711,10,3,5,Delaware,260,260,34351,1,2,200,4,15,1526,2,17,548,180,180,24596,1,2,200,4,15,1526,0,0,0
200711,11,3,5,District of Columbia,3,3,190,2,4,500,0,0,0,0,0,12,3,3,190,2,4,500,0,0,0,0,0,12
200711,12,3,5,Florida,3612,3612,751648,41,82,12287,33,122,22450,96,1937,211072,2872,2872,620555,34,68,11276,17,62,11319,61,1416,117928
200711,13,3,5,Georgia,2613,2613,433494,7,14,1115,5,19,2231,37,833,73658,2255,2255,381514,5,10,868,3,12,1878,31,784,70213
200711,15,4,9,Hawaii,243,243,62386,2,4,465,2,7,2008,3,72,9626,90,90,22428,2,4,465,0,0,0,0,0,0
200711,16,4,8,Idaho,559,559,101848,6,12,905,25,99,9469,2,20,5488,427,427,77218,3,6,510,24,96,9120,0,0,0
200711,17,2,3,Illinois,1381,1381,335005,39,78,9575,38,127,11728,58,932,74766,1096,1096,274072,23,46,5466,36,120,11341,49,853,68040
200711,18,2,3,Indiana,1294,1294,232988,35,70,6895,18,60,6349,19,335,23390,1156,1156,214219,27,54,5573,17,57,6349,16,320,22802
200711,19,2,4,Iowa,602,602,105819,10,20,2168,7,26,1967,11,105,7380,501,501,89409,9,18,1936,7,26,1967,10,98,6661
200711,20,2,4,Kansas,713,713,113935,11,22,1101,1,4,454,8,214,14633,666,666,106673,10,20,900,0,0,0,6,201,14227
200711,21,3,6,Kentucky,651,651,100219,6,12,938,6,24,694,4,26,1881,581,581,88642,5,10,809,6,24,694,2,15,1488
200711,22,3,7,Louisiana,951,951,162360,35,70,5258,0,0,0,10,145,17779,731,731,133320,34,68,5207,0,0,0,6,104,15154
200711,23,1,1,Maine,222,222,40155,5,10,857,2,6,681,5,48,3477,84,84,18675,2,4,550,1,3,420,1,27,1615
200711,24,3,5,Maryland,668,668,127128,0,0,0,3,11,1133,8,275,29232,643,643,122282,0,0,0,3,11,1133,7,252,27054
200711,25,1,1,Massachusetts,632,632,149458,17,34,4056,19,60,5377,15,173,20970,431,431,111035,10,20,2565,16,51,4842,2,48,7252
200711,26,2,3,Michigan,972,972,164779,5,10,904,2,6,585,12,165,11649,708,708,129243,4,8,797,1,3,346,5,123,8153
200711,27,2,4,Minnesota,781,781,170820,8,16,2070,4,14,1696,11,246,30870,516,516,122395,5,10,1542,3,11,1340,5,190,23631
200711,28,3,6,Mississippi,599,599,81114,1,2,110,7,26,1765,72,993,65339,479,479,65851,1,2,110,5,20,1621,69,971,64592
200711,29,2,4,Missouri,819,819,154380,37,74,5998,34,125,9682,9,128,10012,664,664,130025,10,20,2021,32,118,9033,3,52,6688
200711,30,4,8,Montana,187,187,32804,8,16,1969,0,0,0,6,83,6244,161,161,28703,8,16,1969,0,0,0,5,78,5857
200711,31,2,4,Nebraska,304,304,47418,13,26,3531,4,15,798,6,131,9798,275,275,43809,12,24,3181,4,15,798,5,126,9582
200711,32,4,8,Nevada,803,803,147617,1,2,233,6,18,1805,2,831,98927,778,778,141520,1,2,233,5,15,1553,1,826,98308
200711,33,1,1,New Hampshire,202,202,45515,6,12,1709,1,3,305,3,23,2517,132,132,31572,6,12,1709,0,0,0,1,12,1525
200711,34,1,2,New Jersey,849,849,170683,46,92,8617,21,67,10712,43,1044,62644,571,571,121200,39,78,7512,19,61,8980,15,794,36709
200711,35,4,8,New Mexico,383,383,85474,9,18,2641,34,135,11353,0,0,0,332,332,77864,9,18,2641,33,132,11221,0,0,0
200711,36,1,2,New York,1066,1066,254708,96,192,18548,123,399,32165,78,2091,178746,764,764,199788,91,182,17710,120,390,31802,50,1944,167739
200711,37,3,5,North Carolina,4090,4090,767580,28,56,5879,5,18,1905,101,1756,155682,3370,3370,641951,26,52,5561,4,15,1545,89,1628,147456
200711,38,2,4,North Dakota,154,154,24643,0,0,0,13,41,3907,5,140,11517,153,153,24472,0,0,0,12,38,3547,4,135,11304
200711,39,2,3,Ohio,1739,1739,314816,19,38,4363,24,92,10041,58,498,36761,1056,1056,212161,8,16,1896,19,75,8718,51,457,34370
200711,40,3,7,Oklahoma,714,714,124317,6,12,1398,6,24,1904,12,165,13515,527,527,98492,4,8,953,6,24,1904,10,148,12450
200711,41,4,9,Oregon,754,754,172712,13,26,2508,10,35,3630,17,180,20549,672,672,157315,9,18,1846,9,32,3280,13,154,18636
200711,42,1,2,Pennsylvania,1666,1666,296114,10,20,2241,21,78,11826,15,139,12090,1254,1254,231583,5,10,1096,17,65,10147,7,81,4387
200711,44,1,1,Rhode Island,101,101,22266,7,14,784,2,8,780,2,34,4213,70,70,18359,0,0,0,1,4,575,2,34,4213
200711,45,3,5,South Carolina,1847,1847,305483,4,8,588,5,18,1712,39,662,67248,1132,1132,201770,3,6,480,0,0,0,19,342,29186
200711,46,2,4,South Dakota,319,319,53329,7,14,1983,9,33,2799,11,107,7518,292,292,49212,7,14,1983,9,33,2799,10,102,7220
200711,47,3,6,Tennessee,1479,1479,251767,22,44,3389,17,65,4053,35,1337,124054,1279,1279,226142,19,38,3081,16,62,3834,30,1296,120792
200711,48,3,7,Texas,6822,6822,1173715,112,224,15480,24,90,6449,224,4870,419359,6158,6158,1065176,105,210,14459,18,68,5470,207,4624,401871
200711,49,4,8,Utah,816,816,180072,10,20,2316,12,44,4720,10,126,21772,659,659,151456,4,8,1145,7,28,3003,6,95,18305
200711,50,1,1,Vermont,84,84,16492,7,14,1784,2,6,800,1,5,317,61,61,12221,6,12,1600,2,6,800,0,0,0
200711,51,3,5,Virginia,1702,1702,298483,4,8,725,5,20,2060,16,247,17218,1557,1557,271529,4,8,725,5,20,2060,12,202,13065
200711,53,4,9,Washington,1383,1383,277177,42,84,9935,25,89,9208,52,930,108943,1069,1069,217892,37,74,8971,24,86,8947,41,844,100232
200711,54,3,5,West Virginia,274,274,47662,0,0,0,0,0,0,14,198,13898,243,243,43944,0,0,0,0,0,0,12,188,13419
200711,55,2,3,Wisconsin,1029,1029,207240,17,34,4002,14,51,4801,23,193,14729,810,810,168939,14,28,3478,13,47,4442,16,147,12080
200711,56,4,8,Wyoming,169,169,33116,1,2,113,2,7,1089,3,16,938,113,113,20352,0,0,0,0,0,0,0,0,0
200711,US,0,0,United States,54267,54267,10330801,908,1816,187895,658,2315,231773,1456,27712,2585388,43991,43991,8588499,727,1454,153680,559,1979,194982,1115,24215,2211821
200711,R1,1,0,Northeast Region,5290,5290,1118746,208,416,41687,192,631,62848,168,3695,301038,3778,3778,850708,173,346,35834,177,584,57766,80,3032,236797
200711,R2,2,0,Midwest Region,10107,10107,1925172,201,402,42590,168,594,54807,231,3194,253024,7893,7893,1564628,129,258,28773,153,543,50681,180,2804,224757
200711,R3,3,0,South Region,27866,27866,4892897,292,584,51971,124,466,49650,737,14506,1282921,23270,23270,4169198,256,512,45799,90,344,34384,606,12789,1093085
200711,R4,4,0,West Region,11004,11004,2393986,207,414,51647,174,624,64468,320,6317,748405,9050,9050,2003965,169,338,43274,139,508,52151,249,5590,657182
200711,D1,1,1,New England Division,1709,1709,397242,56,112,12281,27,87,8144,32,421,47558,1189,1189,298137,38,76,9515,21,68,6837,8,213,27961
200711,D2,1,2,Middle Atlantic Division,3581,3581,721504,152,304,29406,165,544,54704,136,3274,253480,2589,2589,552571,135,270,26319,156,516,50929,72,2819,208836
200711,D3,2,3,East North Central Divisi,6415,6415,1254828,115,230,25739,96,336,33504,170,2123,161295,4826,4826,998633,76,152,17210,86,302,31196,137,1900,145445
200711,D4,2,4,West North Central Divisi,3692,3692,670344,86,172,16851,72,258,21303,61,1071,91729,3067,3067,565995,53,106,11563,67,241,19485,43,904,79312
200711,D5,3,5,South Atlantic Division,15069,15069,2766018,87,174,21294,60,223,33018,313,5925,568568,12255,12255,2308330,75,150,19610,36,135,19462,231,4812,418333
200711,D6,3,6,East South Central Divisi,3895,3895,602952,32,64,4685,33,126,7912,159,3133,242315,3278,3278,516335,28,56,4247,30,117,7548,137,2874,226257
200711,D7,3,7,West South Central Divisi,8902,8902,1523927,173,346,25992,31,117,8720,265,5448,472038,7737,7737,1344533,153,306,21942,24,92,7374,238,5103,448495
200711,D8,4,8,Mountain Division,5561,5561,1182309,72,144,16781,106,390,38986,121,3072,367533,4691,4691,1018269,59,118,14580,94,351,34733,95,2817,334055
200711,D9,4,9,Pacific Division,5443,5443,1211677,135,270,34866,68,234,25482,199,3245,380872,4359,4359,985696,110,220,28694,45,157,17418,154,2773,323127
