Survey,FIPS,Region,Division,State,,1-unit,,,2-units,,,3-4 units,,,5+ units,,,1-unit rep,,,2-units rep,,,3-4 units rep       ,,,5+ units rep
Date,State,Code,Code,Name,Bldgs,Units,Value,Bldgs,Units,Value,Bldgs,Units,Value,      Bldgs,Units,Value,Bldgs,Units,Value,Bldgs,Units,Value,      Bldgs,Units,Value,Bldgs,Units,Value
 
200709,01,3,6,Alabama,1134,1134,172081,1,2,186,1,4,663,31,549,34866,833,833,124080,1,2,186,1,4,663,23,439,28501
200709,02,4,9,Alaska,82,82,19931,0,0,0,1,3,150,3,43,5101,58,58,15741,0,0,0,1,3,150,3,43,5101
200709,04,4,8,Arizona,1962,1962,364088,5,10,1084,21,64,6519,72,1313,147229,1705,1705,319519,2,4,507,20,60,6293,68,1264,142442
200709,05,3,7,Arkansas,442,442,71814,5,10,837,9,36,2932,34,458,28147,392,392,64364,2,4,150,9,36,2932,32,434,26849
200709,06,4,9,California,3801,3801,910798,62,124,15515,39,140,16848,105,2626,346593,3115,3115,760589,45,90,11459,25,90,11839,65,2254,299138
200709,08,4,8,Colorado,1483,1483,364272,9,18,2131,10,34,4998,24,448,54242,1257,1257,307836,8,16,1914,8,28,4241,11,278,32518
200709,09,1,1,Connecticut,453,453,112219,2,4,438,3,11,871,6,85,5868,361,361,85231,1,2,300,3,11,871,2,35,3031
200709,10,3,5,Delaware,310,310,42744,5,10,751,2,8,1017,5,63,3034,201,201,29843,5,10,751,2,8,1017,2,44,2180
200709,11,3,5,District of Columbia,6,6,969,1,2,189,1,3,338,2,127,17968, , , , , , , , , , , ,
200709,12,3,5,Florida,4633,4633,958694,37,74,8204,23,88,12144,100,1563,166611,3740,3740,810512,33,66,7340,22,85,11838,82,1315,140172
200709,13,3,5,Georgia,3281,3281,545717,25,50,2348,25,97,5554,30,1218,119620,2618,2618,446303,23,46,2026,24,93,5373,22,1083,107483
200709,15,4,9,Hawaii,306,306,83368,0,0,0,0,0,0,2,106,15491,205,205,51675,0,0,0,0,0,0,0,0,0
200709,16,4,8,Idaho,743,743,134566,16,32,2938,9,36,2581,5,72,17334,639,639,117196,14,28,2513,9,36,2581,5,72,17334
200709,17,2,3,Illinois,1820,1820,390001,45,90,11009,30,97,8860,59,1420,138806,1499,1499,325121,42,84,10426,29,94,8676,49,1319,130568
200709,18,2,3,Indiana,1344,1344,239439,21,42,3869,4,15,759,11,276,19945,1134,1134,207459,18,36,3485,3,12,759,9,265,19496
200709,19,2,4,Iowa,726,726,130951,11,22,2476,8,28,2442,15,284,14243,619,619,113273,10,20,2244,8,28,2442,15,284,14243
200709,20,2,4,Kansas,559,559,97461,19,38,4292,13,50,4077,19,120,6138,497,497,87685,18,36,4092,11,44,3344,18,115,5938
200709,21,3,6,Kentucky,667,667,102050,19,38,2668,3,12,743,8,76,4790,496,496,75090,18,36,2538,2,8,531,3,26,2186
200709,22,3,7,Louisiana,1236,1236,186354,18,36,2469,2,8,340,31,1015,116710,945,945,146654,17,34,2318,2,8,340,28,982,114979
200709,23,1,1,Maine,430,430,65980,14,28,4791,1,3,261,5,36,3401,209,209,34983,3,6,752,0,0,0,1,15,1924
200709,24,3,5,Maryland,917,917,175676,1,2,60,0,0,0,3,29,3395,872,872,166945,1,2,60,0,0,0,1,12,850
200709,25,1,1,Massachusetts,705,705,166592,19,38,4933,3,10,751,21,252,25697,382,382,106744,15,30,3973,1,4,357,5,86,8854
200709,26,2,3,Michigan,1368,1368,222749,7,14,1571,4,14,821,24,434,23713,954,954,163108,5,10,1140,2,8,356,17,392,20846
200709,27,2,4,Minnesota,1196,1196,235634,4,8,971,2,8,1011,24,218,25761,895,895,182170,2,4,542,2,8,1011,6,102,15107
200709,28,3,6,Mississippi,693,693,94393,0,0,0,1,3,69,22,237,22754,525,525,74174,0,0,0,0,0,0,20,220,22160
200709,29,2,4,Missouri,999,999,179375,17,34,2710,8,25,1977,17,293,20900,798,798,148562,4,8,899,6,19,1402,11,199,16114
200709,30,4,8,Montana,256,256,42089,2,4,547,1,3,157,3,59,4697,198,198,33237,2,4,547,1,3,157,2,53,4233
200709,31,2,4,Nebraska,651,651,84743,23,46,3714,5,20,1207,1,24,1080,640,640,82938,23,46,3714,5,20,1207,1,24,1080
200709,32,4,8,Nevada,861,861,149893,4,8,720,2,6,546,11,2239,700961,857,857,149098,4,8,720,1,3,249,10,2233,700634
200709,33,1,1,New Hampshire,330,330,68397,1,2,175,1,3,305,3,53,4542,209,209,45033,1,2,175,0,0,0,2,48,4350
200709,34,1,2,New Jersey,868,868,193367,43,86,9872,31,97,5792,63,702,41427,576,576,142782,35,70,8134,30,94,5397,38,476,21242
200709,35,4,8,New Mexico,454,454,93740,0,0,0,0,0,0,1,5,584,274,274,57188,0,0,0,0,0,0,0,0,0
200709,36,1,2,New York,1308,1308,277425,114,228,22457,75,244,20523,71,2346,262728,916,916,210216,100,200,19915,73,238,19786,51,2237,254346
200709,37,3,5,North Carolina,4783,4783,880719,11,22,2413,3,10,1012,48,1370,131204,4019,4019,746597,9,18,1964,2,7,721,43,1314,127747
200709,38,2,4,North Dakota,197,197,33697,3,6,420,3,11,1248,5,124,7231,187,187,32497,3,6,420,2,8,929,5,124,7231
200709,39,2,3,Ohio,1877,1877,333852,40,80,7538,62,206,17171,40,291,19119,1151,1151,229177,30,60,5238,59,197,16914,24,201,15635
200709,40,3,7,Oklahoma,986,986,171993,42,84,6055,0,0,0,20,406,19440,936,936,164514,41,82,5925,0,0,0,20,406,19440
200709,41,4,9,Oregon,1015,1015,228719,43,86,10533,13,41,3452,39,486,44357,869,869,201576,40,80,9969,12,37,3116,33,433,39546
200709,42,1,2,Pennsylvania,2281,2281,394594,13,26,2562,9,33,3413,25,349,30913,1653,1653,293282,9,18,1818,6,24,2082,14,278,23087
200709,44,1,1,Rhode Island,116,116,31610,3,6,300,1,3,370,1,5,305,87,87,27912,3,6,300,1,3,370,0,0,0
200709,45,3,5,South Carolina,2109,2109,344552,6,12,998,2,7,1089,18,395,35960,1663,1663,272440,5,10,799,1,4,714,8,250,15333
200709,46,2,4,South Dakota,327,327,52794,11,22,3148,1,4,487,6,42,2948,283,283,47241,9,18,2769,1,4,487,4,32,2476
200709,47,3,6,Tennessee,1744,1744,282192,14,28,1045,12,47,1920,34,662,68757,1394,1394,240308,13,26,894,12,47,1920,29,604,65014
200709,48,3,7,Texas,7891,7891,1428132,44,88,8194,35,125,8129,150,3427,258770,6868,6868,1276591,39,78,7422,26,94,6546,133,3210,248010
200709,49,4,8,Utah,1050,1050,232347,9,18,2068,6,22,2411,10,118,14673,843,843,194166,5,10,1272,4,15,1566,6,77,9396
200709,50,1,1,Vermont,100,100,17265,2,4,374,2,8,1824,2,61,5641,42,42,8479,1,2,190,2,8,1824,2,61,5641
200709,51,3,5,Virginia,1849,1849,370415,7,14,1109,5,20,1848,5,36,5337,1648,1648,338125,7,14,1109,5,20,1848,2,13,3745
200709,53,4,9,Washington,2029,2029,440729,31,62,7055,38,139,16056,32,839,102871,1710,1710,377742,28,56,6492,37,136,15672,25,779,97599
200709,54,3,5,West Virginia,242,242,38855,0,0,10,0,0,15,3,19,1818,190,190,31904,0,0,10,0,0,15,2,14,1614
200709,55,2,3,Wisconsin,1413,1413,265235,39,78,10129,13,49,4442,34,440,33118,1085,1085,210073,34,68,9297,9,36,2929,25,376,29266
200709,56,4,8,Wyoming,186,186,52997,0,0,0,1,3,833,2,10,558,116,116,41957,0,0,0,0,0,0,0,0,0
200709,US,0,0,United States,66219,66219,12578268,868,1736,177875,544,1898,170976,1305,27869,3187396,53363,53363,10419933,728,1456,148706,479,1685,151465,977,24521,2874678
200709,R1,1,0,Northeast Region,6591,6591,1327448,211,422,45902,126,412,34110,197,3889,380523,4435,4435,954664,168,336,35558,116,382,30687,115,3236,322473
200709,R2,2,0,Midwest Region,12477,12477,2265931,240,480,51845,153,527,44502,255,3966,313002,9742,9742,1829303,198,396,44264,137,478,40456,184,3433,278001
200709,R3,3,0,South Region,32923,32923,5867351,236,472,37537,124,468,37813,544,11650,1039182,27340,27340,5008447,214,428,33491,108,414,34457,450,10366,926262
200709,R4,4,0,West Region,14228,14228,3117538,181,362,42591,141,491,54551,309,8364,1454689,11846,11846,2627519,148,296,35393,118,411,45865,228,7486,1347942
200709,D1,1,1,New England Division,2134,2134,462062,41,82,11011,11,38,4382,38,492,45454,1290,1290,308383,24,48,5691,7,26,3422,12,245,23798
200709,D2,1,2,Middle Atlantic Division,4457,4457,865386,170,340,34891,115,374,29728,159,3397,335069,3145,3145,646281,144,288,29867,109,356,27265,103,2991,298675
200709,D3,2,3,East North Central Divisi,7822,7822,1451276,152,304,34115,113,381,32053,168,2861,234701,5823,5823,1134938,129,258,29586,102,347,29634,124,2553,215811
200709,D4,2,4,West North Central Divisi,4655,4655,814655,88,176,17730,40,146,12449,87,1105,78301,3919,3919,694365,69,138,14678,35,131,10822,60,880,62190
200709,D5,3,5,South Atlantic Division,18130,18130,3358343,93,186,16083,61,233,23017,214,4820,484947,14951,14951,2842671,83,166,14058,56,217,21526,162,4045,399123
200709,D6,3,6,East South Central Divisi,4238,4238,650716,34,68,3899,17,66,3395,95,1524,131167,3248,3248,513652,32,64,3618,15,59,3114,75,1289,117861
200709,D7,3,7,West South Central Divisi,10555,10555,1858292,109,218,17555,46,169,11401,235,5306,423068,9141,9141,1652124,99,198,15815,37,138,9817,213,5032,409278
200709,D8,4,8,Mountain Division,6995,6995,1433993,45,90,9489,50,168,18045,128,4264,940277,5889,5889,1220196,35,70,7473,43,145,15088,102,3977,906557
200709,D9,4,9,Pacific Division,7233,7233,1683545,136,272,33102,91,323,36506,181,4100,514412,5957,5957,1407323,113,226,27920,75,266,30777,126,3509,441385
