Survey,FIPS,Region,Division,State,,1-unit,,,2-units,,,3-4 units,,,5+ units,,,1-unit rep,,,2-units rep,,,3-4 units rep       ,,,5+ units rep
Date,State,Code,Code,Name,Bldgs,Units,Value,Bldgs,Units,Value,Bldgs,Units,Value,      Bldgs,Units,Value,Bldgs,Units,Value,Bldgs,Units,Value,      Bldgs,Units,Value,Bldgs,Units,Value
 
200810,01,3,6,Alabama,684,684,103443,0,0,0,0,0,0,31,634,43229,510,510,75903,0,0,0,0,0,0,25,545,37428
200810,02,4,9,Alaska,37,37,7994,3,6,1070,1,3,594,0,0,0,24,24,5551,2,4,615,1,3,594,0,0,0
200810,04,4,8,Arizona,857,857,174039,3,6,1015,7,26,3202,12,382,44510,793,793,162440,1,2,599,6,23,2974,10,372,43954
200810,05,3,7,Arkansas,336,336,53206,7,14,1093,1,3,120,24,412,35637,283,283,44781,4,8,395,1,3,120,22,388,34233
200810,06,4,9,California,2313,2313,614107,31,62,10017,38,139,14808,77,1262,141267,2058,2058,557824,25,50,8690,33,123,12591,57,1116,128265
200810,08,4,8,Colorado,812,812,222501,20,40,9270,4,14,1941,42,1034,85181,708,708,195001,20,40,9270,2,8,1404,28,958,76590
200810,09,1,1,Connecticut,248,248,68979,18,36,3275,0,0,60,8,197,22375,194,194,52162,17,34,3124,0,0,60,4,172,20558
200810,10,3,5,Delaware,170,170,22923,1,2,200,0,0,0,6,51,4231,167,167,22697,1,2,200,0,0,0,5,46,4151
200810,11,3,5,District of Columbia,9,9,1588,1,2,172,0,0,0,1,19,1760,9,9,1588,1,2,172,0,0,0,1,19,1760
200810,12,3,5,Florida,2727,2727,633427,16,32,2939,17,62,6637,40,813,90491,2416,2416,576817,14,28,2595,15,55,6007,26,649,70868
200810,13,3,5,Georgia,1371,1371,224632,16,32,2777,3,10,1164,16,745,79982,1108,1108,180408,14,28,2529,1,4,719,10,686,75802
200810,15,4,9,Hawaii,76,76,40876,1,2,417,1,4,452,2,97,12985,39,39,30426,1,2,417,0,0,0,0,0,0
200810,16,4,8,Idaho,351,351,58957,3,6,733,2,8,798,1,19,2464,321,321,53673,1,2,320,2,8,798,0,0,0
200810,17,2,3,Illinois,1017,1017,211468,21,42,5326,28,96,13262,37,480,50410,765,765,162040,20,40,5121,28,96,13262,30,414,45118
200810,18,2,3,Indiana,929,929,167381,10,20,1900,4,14,1002,14,281,46848,784,784,143928,8,16,1439,2,8,758,10,248,43004
200810,19,2,4,Iowa,542,542,95846,6,12,1422,5,20,1458,32,482,45443,498,498,88100,5,10,1242,5,20,1458,32,482,45443
200810,20,2,4,Kansas,416,416,73407,9,18,1824,2,7,958,11,231,6483,381,381,66410,7,14,1443,1,4,615,10,224,5997
200810,21,3,6,Kentucky,468,468,80374,6,12,766,25,99,10171,14,217,12023,422,422,72771,5,10,636,24,96,10074,11,202,11450
200810,22,3,7,Louisiana,714,714,123894,22,44,3047,10,40,2481,4,136,10773,577,577,104184,20,40,2796,10,40,2481,1,98,8200
200810,23,1,1,Maine,245,245,39608,5,10,1365,3,10,921,2,11,805,120,120,19950,5,10,1365,2,7,660,1,6,586
200810,24,3,5,Maryland,593,593,116333,1,2,400,0,0,0,6,87,5314,562,562,110681,1,2,400,0,0,0,1,40,500
200810,25,1,1,Massachusetts,362,362,94722,8,16,1991,1,4,475,12,94,12493,208,208,62200,5,10,985,1,4,475,2,16,1438
200810,26,2,3,Michigan,920,920,160952,4,8,753,2,7,946,36,271,17824,588,588,114276,4,8,753,2,7,946,21,192,7270
200810,27,2,4,Minnesota,749,749,150613,1,2,195,6,19,2091,9,157,18061,562,562,117092,1,2,195,4,13,1455,4,127,14827
200810,28,3,6,Mississippi,374,374,49784,39,78,4476,5,20,4747,12,71,3698,301,301,41523,39,78,4476,5,20,4747,12,71,3698
200810,29,2,4,Missouri,436,436,92353,21,42,3357,38,147,9960,17,210,12874,366,366,77665,17,34,2757,36,141,9437,12,122,9099
200810,30,4,8,Montana,150,150,25682,8,16,2247,1,4,652,1,12,270,136,136,23460,7,14,1927,1,4,652,1,12,270
200810,31,2,4,Nebraska,463,463,73355,8,16,1531,0,0,0,4,59,19850,448,448,71605,8,16,1531,0,0,0,4,59,19850
200810,32,4,8,Nevada,437,437,69126,0,0,0,1,4,335,12,576,34171,430,430,66959,0,0,0,1,4,335,12,576,34171
200810,33,1,1,New Hampshire,186,186,41003,3,6,795,0,0,0,3,52,7148,129,129,29566,2,4,645,0,0,0,2,47,6668
200810,34,1,2,New Jersey,740,740,156030,23,46,5260,12,39,6491,31,347,27613,473,473,109830,18,36,4594,9,30,4954,5,166,12119
200810,35,4,8,New Mexico,337,337,63119,0,0,0,4,14,1872,3,41,3344,191,191,33728,0,0,0,2,8,1019,0,0,0
200810,36,1,2,New York,1032,1032,219144,62,124,12968,23,73,8201,46,858,69250,724,724,160053,61,122,12825,22,70,7961,34,798,65951
200810,37,3,5,North Carolina,2408,2408,462946,19,38,3143,2,8,578,56,1097,86710,1841,1841,370533,16,32,2722,1,4,235,49,1038,82419
200810,38,2,4,North Dakota,195,195,35766,6,12,606,0,0,0,3,95,5808,195,195,35766,6,12,606,0,0,0,3,95,5808
200810,39,2,3,Ohio,1384,1384,247681,4,8,612,29,110,9598,50,613,36429,820,820,160445,3,6,428,24,95,8035,34,524,32037
200810,40,3,7,Oklahoma,534,534,92941,2,4,317,4,13,1183,1,15,844,387,387,72146,0,0,0,3,10,983,0,0,0
200810,41,4,9,Oregon,470,470,104948,5,10,1597,2,8,657,28,275,25100,435,435,98171,5,10,1597,2,8,657,25,260,24124
200810,42,1,2,Pennsylvania,1398,1398,256895,24,48,5389,4,14,1428,19,423,38527,1129,1129,213346,22,44,4995,3,11,1065,11,381,34799
200810,44,1,1,Rhode Island,79,79,22433,0,0,0,0,0,0,4,26,1747,70,70,20346,0,0,0,0,0,0,4,26,1747
200810,45,3,5,South Carolina,1099,1099,198844,0,0,0,0,0,0,30,501,30264,769,769,137510,0,0,0,0,0,0,23,408,19213
200810,46,2,4,South Dakota,186,186,27859,9,18,2323,7,28,2340,4,49,4356,161,161,25309,9,18,2323,7,28,2340,4,49,4356
200810,47,3,6,Tennessee,970,970,148269,4,8,495,5,20,980,12,195,10854,644,644,104699,3,6,404,5,20,980,6,138,6095
200810,48,3,7,Texas,5151,5151,835460,38,76,6688,18,67,3763,124,3258,279464,4099,4099,752163,33,66,6115,14,54,2926,96,2790,249581
200810,49,4,8,Utah,548,548,110672,17,34,3842,3,11,1192,21,422,43421,457,457,93212,11,22,2526,2,8,1068,15,354,35582
200810,50,1,1,Vermont,70,70,13123,0,0,0,0,0,0,0,0,0,35,35,7257,0,0,0,0,0,0,0,0,0
200810,51,3,5,Virginia,1789,1789,264957,4,8,1223,1,4,248,15,439,22486,1668,1668,236983,4,8,1223,0,0,0,12,420,20956
200810,53,4,9,Washington,1107,1107,243835,81,162,16728,21,65,8250,76,1275,108922,951,951,211607,77,154,16057,19,59,7622,67,1201,102209
200810,54,3,5,West Virginia,171,171,30963,1,2,224,6,24,1700,2,17,408,153,153,28117,1,2,224,6,24,1700,0,0,0
200810,55,2,3,Wisconsin,1036,1036,212531,18,36,4074,2,7,648,27,296,18444,806,806,171669,15,30,3442,1,4,400,22,266,16883
200810,56,4,8,Wyoming,187,187,28605,0,0,0,3,12,1152,2,35,1305,149,149,16938,0,0,0,3,12,1152,0,0,0
200810,US,0,0,United States,39883,39883,7669592,609,1218,129859,351,1277,129517,1040,19369,1683897,32064,32064,6391510,539,1078,116716,306,1136,115720,764,16801,1465078
200810,R1,1,0,Northeast Region,4360,4360,911937,143,286,31043,43,140,17576,125,2008,179959,3082,3082,674710,130,260,28533,37,122,15174,63,1612,143866
200810,R2,2,0,Midwest Region,8273,8273,1549211,117,234,23922,123,455,42264,244,3224,282831,6374,6374,1234304,103,206,21279,110,416,38707,186,2802,249692
200810,R3,3,0,South Region,19568,19568,3443984,177,354,27959,97,370,33771,394,8707,718167,15916,15916,2933505,156,312,24887,85,330,30972,300,7538,626356
200810,R4,4,0,West Region,7682,7682,1764460,172,344,46935,88,312,35906,277,5430,502940,6692,6692,1548991,150,300,42017,74,268,30867,215,4849,445164
200810,D1,1,1,New England Division,1190,1190,279868,34,68,7426,4,14,1456,29,380,44569,756,756,191481,29,58,6119,3,11,1195,13,267,30997
200810,D2,1,2,Middle Atlantic Division,3170,3170,632069,109,218,23617,39,126,16120,96,1628,135390,2326,2326,483229,101,202,22414,34,111,13979,50,1345,112869
200810,D3,2,3,East North Central Divisi,5286,5286,1000013,57,114,12665,65,234,25457,164,1941,169956,3763,3763,752357,50,100,11183,57,210,23401,117,1644,144311
200810,D4,2,4,West North Central Divisi,2987,2987,549198,60,120,11257,58,221,16807,80,1283,112875,2611,2611,481947,53,106,10096,53,206,15306,69,1158,105381
200810,D5,3,5,South Atlantic Division,10337,10337,1956614,59,118,11077,29,108,10327,172,3769,321645,8693,8693,1665335,52,104,10064,23,87,8661,127,3306,275669
200810,D6,3,6,East South Central Divisi,2496,2496,381870,49,98,5737,35,139,15898,69,1117,69804,1877,1877,294896,47,94,5516,34,136,15801,54,956,58672
200810,D7,3,7,West South Central Divisi,6735,6735,1105500,69,138,11145,33,123,7546,153,3821,326718,5346,5346,973274,57,114,9307,28,107,6510,119,3276,292015
200810,D8,4,8,Mountain Division,3679,3679,752701,51,102,17107,25,93,11145,94,2521,214667,3185,3185,645413,40,80,14642,19,75,9403,66,2272,190566
200810,D9,4,9,Pacific Division,4003,4003,1011759,121,242,29828,63,219,24761,183,2909,288273,3507,3507,903578,110,220,27375,55,193,21464,149,2577,254598
