Survey,FIPS,Region,Division,State,,1-unit,,,2-units,,,3-4 units,,,5+ units,,,1-unit rep,,,2-units rep,,,3-4 units rep       ,,,5+ units rep
Date,State,Code,Code,Name,Bldgs,Units,Value,Bldgs,Units,Value,Bldgs,Units,Value,      Bldgs,Units,Value,Bldgs,Units,Value,Bldgs,Units,Value,      Bldgs,Units,Value,Bldgs,Units,Value
 
200907,01,3,6,Alabama,1013,1013,161805,2,4,307,12,48,2988,21,329,27110,822,822,128365,1,2,188,12,48,2988,17,296,24199
200907,02,4,9,Alaska,80,80,20575,2,4,570,2,7,1153,0,0,0,63,63,17312,2,4,570,2,7,1153,0,0,0
200907,04,4,8,Arizona,1694,1694,342015,1,2,210,0,0,0,20,333,21031,1485,1485,301494,0,0,0,0,0,0,18,316,20008
200907,05,3,7,Arkansas,386,386,61834,17,34,2163,5,18,720,7,56,2250,326,326,52796,17,34,2163,5,18,720,7,56,2250
200907,06,4,9,California,2151,2151,549672,25,50,6688,16,56,8239,30,751,96221,1843,1843,474444,19,38,5186,13,46,7074,23,710,90916
200907,08,4,8,Colorado,795,795,203659,17,34,2540,3,11,1054,6,377,32443,722,722,189845,17,34,2540,2,8,710,4,367,31677
200907,09,1,1,Connecticut,217,217,61844,6,12,1280,0,0,0,10,244,11803,170,170,45355,5,10,1031,0,0,0,8,234,11431
200907,10,3,5,Delaware,284,284,32750,6,12,939,2,8,1496,9,173,10179,269,269,31045,6,12,939,2,8,1496,8,168,9864
200907,11,3,5,District of Columbia,20,20,3301,0,0,0,0,0,0,1,5,452, , , , , , , , , , , ,
200907,12,3,5,Florida,2817,2817,618823,14,28,1975,7,25,4909,13,156,16468,2374,2374,541851,2,4,511,6,22,4375,8,131,13702
200907,13,3,5,Georgia,1371,1371,222419,2,4,690,3,11,1463,5,28,2307,1097,1097,179503,1,2,524,2,8,1327,3,18,1289
200907,15,4,9,Hawaii,161,161,47120,1,2,252,0,0,0,3,37,13419,161,161,47120,1,2,252,0,0,0,3,37,13419
200907,16,4,8,Idaho,602,602,101074,4,8,654,11,43,1975,1,24,1695,522,522,87327,3,6,550,10,40,1800,1,24,1695
200907,17,2,3,Illinois,995,995,197574,14,28,3074,9,31,6247,23,288,42372,731,731,147767,13,26,2837,9,31,6247,19,256,39747
200907,18,2,3,Indiana,1035,1035,183683,3,6,662,2,7,300,33,462,34852,886,886,160012,3,6,662,1,4,300,29,436,32136
200907,19,2,4,Iowa,608,608,109261,9,18,1758,4,15,970,7,123,11833,543,543,98179,8,16,1609,4,15,970,7,123,11833
200907,20,2,4,Kansas,437,437,68884,3,6,677,0,0,0,1,5,385,374,374,57546,2,4,400,0,0,0,0,0,0
200907,21,3,6,Kentucky,651,651,88795,3,6,549,6,22,1985,3,17,1208,586,586,78607,2,4,356,6,22,1985,2,12,930
200907,22,3,7,Louisiana,938,938,146810,13,26,1431,7,27,1851,3,71,6242,681,681,109862,12,24,1302,7,27,1851,2,66,5943
200907,23,1,1,Maine,342,342,56144,2,4,360,0,0,0,2,10,664,251,251,42785,2,4,360,0,0,0,0,0,0
200907,24,3,5,Maryland,814,814,161260,0,0,0,0,0,0,3,26,2520,672,672,131442,0,0,0,0,0,0,0,0,0
200907,25,1,1,Massachusetts,444,444,102310,13,26,2481,2,7,1343,8,47,6085,299,299,73792,11,22,2055,1,4,950,2,15,2678
200907,26,2,3,Michigan,734,734,119295,2,4,469,10,30,2201,3,15,1170,468,468,81597,2,4,469,10,30,2201,0,0,0
200907,27,2,4,Minnesota,780,780,156871,4,8,1049,3,12,924,7,198,10145,679,679,140042,3,6,830,3,12,924,4,183,8560
200907,28,3,6,Mississippi,536,536,76466,0,0,0,3,11,534,1,5,125,436,436,64092,0,0,0,2,8,464,0,0,0
200907,29,2,4,Missouri,627,627,116876,23,46,3967,7,24,2033,11,184,11427,475,475,79868,12,24,1583,6,21,1769,7,135,8590
200907,30,4,8,Montana,202,202,25890,1,2,344,2,7,561,2,77,6020,174,174,20945,1,2,344,2,7,561,2,77,6020
200907,31,2,4,Nebraska,513,513,81749,4,8,664,0,0,0,3,60,3620,277,277,47721,2,4,228,0,0,0,0,0,0
200907,32,4,8,Nevada,578,578,83615,0,0,0,5,15,1162,0,0,0,564,564,79449,0,0,0,5,15,1162,0,0,0
200907,33,1,1,New Hampshire,184,184,37174,0,0,0,1,4,320,0,0,0,117,117,22821,0,0,0,1,4,320,0,0,0
200907,34,1,2,New Jersey,613,613,123833,18,36,4151,5,16,1841,16,98,7511,394,394,81967,12,24,2686,4,13,1296,4,34,2292
200907,35,4,8,New Mexico,456,456,77706,0,0,0,2,7,752,3,38,2525,326,326,56010,0,0,0,1,4,330,1,21,1000
200907,36,1,2,New York,977,977,203469,27,54,6090,23,74,7883,25,505,53766,620,620,141226,27,54,6090,23,74,7883,23,495,53005
200907,37,3,5,North Carolina,2574,2574,432763,9,18,2190,1,3,98,4,65,2278,2220,2220,373527,7,14,1847,1,3,98,3,60,1758
200907,38,2,4,North Dakota,236,236,49820,1,2,88,1,4,103,10,325,11688,236,236,49820,1,2,88,1,4,103,10,325,11688
200907,39,2,3,Ohio,1179,1179,234064,2,4,370,9,33,2726,23,136,5885,986,986,197722,2,4,370,8,30,2590,10,70,3840
200907,40,3,7,Oklahoma,670,670,113010,6,12,1175,1,3,150,1,5,290,454,454,84516,4,8,820,0,0,0,0,0,0
200907,41,4,9,Oregon,554,554,123074,14,28,2829,2,6,774,4,117,15202,529,529,117306,13,26,2670,2,6,774,4,117,15202
200907,42,1,2,Pennsylvania,1627,1627,282351,15,30,3708,8,27,2517,8,59,5150,1175,1175,199861,13,26,3398,7,24,2152,5,44,3793
200907,44,1,1,Rhode Island,60,60,10047,0,0,0,0,0,0,1,6,363,48,48,7315,0,0,0,0,0,0,1,6,363
200907,45,3,5,South Carolina,1315,1315,240567,5,10,402,9,36,3701,4,28,3191,786,786,138988,4,8,300,9,36,3701,0,0,0
200907,46,2,4,South Dakota,257,257,36201,3,6,703,4,16,1090,2,47,3068,226,226,31804,3,6,703,4,16,1090,2,47,3068
200907,47,3,6,Tennessee,1148,1148,187081,5,10,516,7,27,1524,9,72,5319,783,783,131734,4,8,424,7,27,1524,6,57,4345
200907,48,3,7,Texas,7131,7131,1258641,26,52,4479,36,141,7047,34,397,30634,6481,6481,1140996,25,50,4268,35,138,6897,29,372,29013
200907,49,4,8,Utah,891,891,139492,5,10,1267,0,0,0,11,150,14167,829,829,123793,3,6,801,0,0,0,8,132,13013
200907,50,1,1,Vermont,77,77,15164,4,8,674,0,0,0,0,0,0,30,30,5953,4,8,674,0,0,0,0,0,0
200907,51,3,5,Virginia,1699,1699,295273,7,14,1000,1,3,369,22,409,34103,1603,1603,275658,7,14,1000,1,3,369,20,397,32285
200907,53,4,9,Washington,1364,1364,299843,12,24,2246,17,63,8581,1,5,757,1074,1074,233053,11,22,2082,17,63,8581,0,0,0
200907,54,3,5,West Virginia,199,199,28093,0,0,0,0,0,0,22,158,8375,183,183,26191,0,0,0,0,0,0,22,158,8375
200907,55,2,3,Wisconsin,917,917,170009,11,22,2233,2,7,500,21,201,14270,698,698,132339,9,18,1863,2,7,500,8,131,11229
200907,56,4,8,Wyoming,159,159,34550,1,2,300,2,6,674,2,18,1670,119,119,26618,1,2,300,1,3,345,2,18,1670
200907,US,0,0,United States,46112,46112,8594600,362,724,70173,252,911,84759,459,6940,594258,37867,37867,7109382,297,594,57872,234,856,79579,332,6144,532828
200907,R1,1,0,Northeast Region,4541,4541,892336,85,170,18744,39,128,13905,70,969,85340,3104,3104,621076,74,148,16293,36,119,12601,43,828,73562
200907,R2,2,0,Midwest Region,8318,8318,1524287,79,158,15713,51,179,17093,144,2044,150716,6579,6579,1224416,60,120,11642,48,170,16693,96,1706,130692
200907,R3,3,0,South Region,23566,23566,4129693,115,230,17817,100,383,28835,162,2000,153051,19773,19773,3489172,92,184,14642,95,368,27794,127,1791,133952
200907,R4,4,0,West Region,9687,9687,2048284,83,166,17899,62,221,24926,83,1927,205151,8411,8411,1774718,71,142,15295,55,199,22491,66,1819,194622
200907,D1,1,1,New England Division,1324,1324,282683,25,50,4795,3,11,1663,21,307,18914,915,915,198021,22,44,4119,2,8,1270,11,255,14472
200907,D2,1,2,Middle Atlantic Division,3217,3217,609653,60,120,13949,36,117,12242,49,662,66426,2189,2189,423055,52,104,12174,34,111,11331,32,573,59090
200907,D3,2,3,East North Central Divisi,4860,4860,904625,32,64,6808,32,108,11974,103,1102,98549,3769,3769,719437,29,58,6202,30,102,11838,66,893,86952
200907,D4,2,4,West North Central Divisi,3458,3458,619662,47,94,8905,19,71,5119,41,942,52167,2810,2810,504979,31,62,5440,18,68,4855,30,813,43740
200907,D5,3,5,South Atlantic Division,11093,11093,2035250,43,86,7196,23,86,12036,83,1048,79873,9204,9204,1698205,27,54,5120,21,80,11365,64,932,67272
200907,D6,3,6,East South Central Divisi,3348,3348,514148,10,20,1372,28,108,7031,34,423,33762,2627,2627,402798,7,14,968,27,105,6961,25,365,29474
200907,D7,3,7,West South Central Divisi,9125,9125,1580295,62,124,9249,49,189,9768,45,529,39416,7942,7942,1388169,58,116,8554,47,183,9468,38,494,37206
200907,D8,4,8,Mountain Division,5377,5377,1008000,29,58,5315,25,89,6179,45,1017,79551,4741,4741,885483,25,50,4536,21,77,4909,36,955,75084
200907,D9,4,9,Pacific Division,4310,4310,1040284,54,108,12584,37,132,18747,38,910,125600,3670,3670,889235,46,92,10759,34,122,17582,30,864,119538
