Survey,FIPS,Region,Division,State,,1-unit,,,2-units,,,3-4 units,,,5+ units,,,1-unit rep,,,2-units rep,,,3-4 units rep       ,,,5+ units rep
Date,State,Code,Code,Name,Bldgs,Units,Value,Bldgs,Units,Value,Bldgs,Units,Value,      Bldgs,Units,Value,Bldgs,Units,Value,Bldgs,Units,Value,      Bldgs,Units,Value,Bldgs,Units,Value
 
200911,01,3,6,Alabama,609,609,98449,2,4,275,3,11,1106,13,270,18538,538,538,87398,2,4,275,3,11,1106,13,270,18538
200911,02,4,9,Alaska,33,33,8681,1,2,373,0,0,0,0,0,0,22,22,6484,1,2,373,0,0,0,0,0,0
200911,04,4,8,Arizona,942,942,199327,1,2,228,7,21,2944,3,22,1162,806,806,173410,0,0,0,6,18,2816,0,0,0
200911,05,3,7,Arkansas,356,356,52842,3,6,358,0,0,0,3,44,1955,317,317,45821,2,4,220,0,0,0,3,44,1955
200911,06,4,9,California,1728,1728,420581,30,60,9255,34,108,19401,47,470,57687,1484,1484,360133,25,50,7878,32,101,18469,44,455,55969
200911,08,4,8,Colorado,472,472,118669,7,14,1769,1,3,750,1,5,445,434,434,107998,7,14,1769,0,0,0,0,0,300
200911,09,1,1,Connecticut,228,228,63437,3,6,1121,0,0,0,3,18,1152,199,199,51017,2,4,872,0,0,0,1,8,780
200911,10,3,5,Delaware,204,204,26964,4,8,625,0,0,0,2,10,395,172,172,24073,4,8,625,0,0,0,0,0,0
200911,11,3,5,District of Columbia,1,1,180,0,0,0,0,0,0,0,0,0,1,1,180,0,0,0,0,0,0,0,0,0
200911,12,3,5,Florida,2029,2029,458579,7,14,2428,8,31,5259,45,928,90294,1810,1810,412764,6,12,2245,8,31,5259,38,885,86050
200911,13,3,5,Georgia,995,995,160136,3,6,863,18,70,5825,4,24,2014,751,751,121293,1,2,487,17,67,5673,1,6,1068
200911,15,4,9,Hawaii,143,143,48419,0,0,0,1,4,549,4,24,3116,99,99,33140,0,0,0,1,4,549,3,18,2537
200911,16,4,8,Idaho,350,350,62340,3,6,579,2,7,675,0,0,0,310,310,55489,1,2,147,1,4,500,0,0,0
200911,17,2,3,Illinois,658,658,157972,14,28,3470,8,28,1954,18,367,42189,495,495,126648,4,8,1520,8,28,1954,14,338,39805
200911,18,2,3,Indiana,775,775,150576,10,20,1972,2,7,520,10,133,10284,671,671,134439,8,16,1671,1,4,520,5,93,8113
200911,19,2,4,Iowa,455,455,79644,4,8,1051,2,7,1361,4,121,11688,429,429,75409,4,8,1051,2,7,1361,4,121,11688
200911,20,2,4,Kansas,255,255,46581,13,26,1457,80,320,30772,11,116,4366,240,240,43653,12,24,1297,80,320,30772,11,116,4366
200911,21,3,6,Kentucky,396,396,58961,26,52,2393,2,8,504,5,36,1501,353,353,51871,25,50,2200,2,8,504,3,26,1040
200911,22,3,7,Louisiana,669,669,126251,13,26,1893,1,3,220,2,13,724,484,484,99675,12,24,1764,0,0,0,0,0,0
200911,23,1,1,Maine,207,207,39033,4,8,1153,0,0,0,3,16,1017,139,139,27757,3,6,840,0,0,0,1,6,350
200911,24,3,5,Maryland,590,590,118633,0,0,0,0,0,0,10,94,9061,496,496,99200,0,0,0,0,0,0,5,44,3928
200911,25,1,1,Massachusetts,428,428,110158,7,14,1472,3,10,1956,8,46,4187,323,323,87124,4,8,837,2,7,1380,1,8,950
200911,26,2,3,Michigan,513,513,90261,1,2,195,3,11,559,5,27,2414,352,352,65899,1,2,195,2,8,320,2,12,1139
200911,27,2,4,Minnesota,559,559,116715,2,4,510,2,7,624,9,100,11263,493,493,105212,2,4,510,2,7,624,7,90,10239
200911,28,3,6,Mississippi,370,370,53114,2,4,280,1,3,69,0,0,0,315,315,46935,2,4,280,0,0,0,0,0,0
200911,29,2,4,Missouri,433,433,82682,8,16,1499,8,30,3080,10,123,12210,334,334,61421,3,6,450,7,27,2815,7,82,10275
200911,30,4,8,Montana,109,109,19364,0,0,0,2,7,904,4,33,5114,97,97,17459,0,0,0,2,7,904,4,33,5114
200911,31,2,4,Nebraska,269,269,43144,7,14,1615,0,0,0,3,28,2017,210,210,31233,5,10,1179,0,0,0,1,18,1056
200911,32,4,8,Nevada,329,329,46546,0,0,0,0,0,0,5,35,3337,320,320,43780,0,0,0,0,0,0,5,35,3337
200911,33,1,1,New Hampshire,114,114,26495,1,2,230,2,8,601,0,0,0,81,81,19048,1,2,230,2,8,601,0,0,0
200911,34,1,2,New Jersey,619,619,123083,24,48,5549,5,17,1732,34,326,36391,426,426,86299,16,32,4240,2,8,666,19,242,28457
200911,35,4,8,New Mexico,280,280,49429,0,0,0,0,0,0,1,14,900,193,193,34240,0,0,0,0,0,0,1,14,900
200911,36,1,2,New York,644,644,148492,97,194,11233,7,22,2347,28,614,84949,378,378,97228,93,186,10456,7,22,2347,14,542,79913
200911,37,3,5,North Carolina,1919,1919,355581,14,28,2631,0,0,0,27,451,41613,1521,1521,284579,12,24,2287,0,0,0,24,431,40205
200911,38,2,4,North Dakota,125,125,22123,0,0,0,0,0,0,4,100,5950,115,115,20511,0,0,0,0,0,0,4,100,5950
200911,39,2,3,Ohio,751,751,152305,12,24,2497,5,19,2245,24,172,15143,620,620,125504,11,22,2258,4,16,2109,11,107,13133
200911,40,3,7,Oklahoma,508,508,84941,19,38,2729,1,3,312,5,38,1468,335,335,60607,18,36,2570,0,0,0,4,33,1245
200911,41,4,9,Oregon,332,332,76216,3,6,786,0,0,0,5,136,10575,318,318,73404,3,6,786,0,0,0,5,136,10575
200911,42,1,2,Pennsylvania,1114,1114,210264,16,32,3970,10,36,4421,13,86,8136,778,778,149188,15,30,3720,8,30,3584,10,71,7268
200911,44,1,1,Rhode Island,95,95,17958,10,20,2135,0,0,0,0,0,0,82,82,15547,10,20,2135,0,0,0,0,0,0
200911,45,3,5,South Carolina,1025,1025,184416,10,20,682,0,0,0,8,101,7283,639,639,109998,10,20,682,0,0,0,3,50,2390
200911,46,2,4,South Dakota,246,246,37584,2,4,384,2,7,598,2,102,4909,224,224,33632,1,2,178,1,4,463,2,102,4909
200911,47,3,6,Tennessee,897,897,142880,28,56,3747,5,20,868,2,14,973,728,728,115553,17,34,2927,5,20,868,0,0,0
200911,48,3,7,Texas,4523,4523,812138,56,112,12097,8,29,1421,48,958,55349,3777,3777,685666,55,110,11857,6,23,1267,42,909,51740
200911,49,4,8,Utah,465,465,89283,3,6,811,17,57,4588,7,42,4513,398,398,74969,1,2,361,7,27,3513,4,27,2649
200911,50,1,1,Vermont,41,41,8494,3,6,608,1,3,350,1,33,2184,29,29,6374,2,4,424,1,3,350,1,33,2184
200911,51,3,5,Virginia,1010,1010,186472,1,2,250,1,3,70,22,668,32462,890,890,163925,0,0,0,0,0,0,20,658,31839
200911,53,4,9,Washington,851,851,186302,17,34,4580,5,15,1847,7,40,4323,644,644,135427,16,32,4284,3,9,1058,4,25,2769
200911,54,3,5,West Virginia,106,106,17621,0,0,0,0,0,0,0,0,0,96,96,16144,0,0,0,0,0,0,0,0,0
200911,55,2,3,Wisconsin,520,520,95640,24,48,5278,4,15,1048,25,393,26686,401,401,75413,23,46,4998,3,12,800,12,328,23937
200911,56,4,8,Wyoming,86,86,22811,0,0,0,0,0,0,0,0,0,78,78,21182,0,0,0,0,0,0,0,0,0
200911,US,0,0,United States,31376,31376,6108765,515,1030,97030,261,950,101480,495,7391,641936,25445,25445,5001351,440,880,83077,225,841,93150,353,6516,578660
200911,R1,1,0,Northeast Region,3490,3490,747414,165,330,27471,28,96,11406,90,1139,138017,2435,2435,539582,146,292,23754,22,78,8927,47,910,119902
200911,R2,2,0,Midwest Region,5559,5559,1075226,97,194,19928,116,451,42761,125,1782,149118,4584,4584,898973,74,148,15307,110,433,41739,80,1507,134611
200911,R3,3,0,South Region,16207,16207,2938158,188,376,31251,48,181,15654,196,3649,263629,13223,13223,2425681,166,332,28419,41,160,14676,156,3356,239997
200911,R4,4,0,West Region,6120,6120,1347967,65,130,18380,69,222,31659,84,821,91172,5203,5203,1137115,54,108,15597,52,170,27808,70,743,84150
200911,D1,1,1,New England Division,1113,1113,265575,28,56,6719,6,21,2906,15,113,8541,853,853,206867,22,44,5338,5,18,2331,4,55,4264
200911,D2,1,2,Middle Atlantic Division,2377,2377,481839,137,274,20752,22,75,8500,75,1026,129476,1582,1582,332715,124,248,18416,17,60,6596,43,855,115638
200911,D3,2,3,East North Central Divisi,3217,3217,646754,61,122,13412,22,80,6326,82,1092,96715,2539,2539,527902,47,94,10642,18,68,5703,44,878,86128
200911,D4,2,4,West North Central Divisi,2342,2342,428472,36,72,6516,94,371,36435,43,690,52403,2045,2045,371071,27,54,4665,92,365,36036,36,629,48483
200911,D5,3,5,South Atlantic Division,7879,7879,1508582,39,78,7479,27,104,11154,118,2276,183122,6376,6376,1232156,33,66,6326,25,98,10931,91,2074,165479
200911,D6,3,6,East South Central Divisi,2272,2272,353404,58,116,6696,11,42,2548,20,320,21012,1934,1934,301757,46,92,5682,10,39,2478,16,296,19578
200911,D7,3,7,West South Central Divisi,6056,6056,1076172,91,182,17076,10,35,1952,58,1053,59495,4913,4913,891768,87,174,16411,6,23,1267,49,986,54940
200911,D8,4,8,Mountain Division,3033,3033,607768,14,28,3386,29,95,9861,21,151,15471,2636,2636,528527,9,18,2276,16,56,7733,14,109,12300
200911,D9,4,9,Pacific Division,3087,3087,740199,51,102,14994,40,127,21798,63,670,75701,2567,2567,608588,45,90,13321,36,114,20075,56,634,71850
