Survey,FIPS,Region,Division,State,,1-unit,,,2-units,,,3-4 units,,,5+ units,,,1-unit rep,,,2-units rep,,,3-4 units rep       ,,,5+ units rep
Date,State,Code,Code,Name,Bldgs,Units,Value,Bldgs,Units,Value,Bldgs,Units,Value,      Bldgs,Units,Value,Bldgs,Units,Value,Bldgs,Units,Value,      Bldgs,Units,Value,Bldgs,Units,Value
 
200909,01,3,6,Alabama,691,691,107549,0,0,0,0,0,0,12,169,13396,573,573,88863,0,0,0,0,0,0,9,135,11256
200909,02,4,9,Alaska,62,62,15139,7,14,2771,3,12,1887,1,5,786,51,51,12909,7,14,2771,3,12,1887,1,5,786
200909,04,4,8,Arizona,1062,1062,217282,1,2,210,6,21,2225,10,95,7679,934,934,195003,0,0,0,6,21,2225,9,90,7225
200909,05,3,7,Arkansas,412,412,65129,9,18,1140,0,0,0,3,28,1326,367,367,58064,8,16,1002,0,0,0,3,28,1326
200909,06,4,9,California,2064,2064,532774,43,86,16611,5,17,2062,58,522,63443,1751,1751,452701,39,78,15450,3,11,1361,46,453,53894
200909,08,4,8,Colorado,762,762,185299,2,4,696,2,7,836,17,137,10504,697,697,168135,2,4,696,2,7,836,15,127,6533
200909,09,1,1,Connecticut,188,188,54765,6,12,1212,2,7,916,3,20,1147,154,154,41985,5,10,962,2,7,916,1,10,775
200909,10,3,5,Delaware,298,298,37512,3,6,896,1,4,364,4,28,4361,287,287,36344,3,6,896,1,4,364,3,21,3920
200909,11,3,5,District of Columbia,25,25,4503,36,72,6610,0,0,0,1,23,1874,25,25,4503,36,72,6610,0,0,0,1,23,1874
200909,12,3,5,Florida,2525,2525,573006,10,20,2356,8,31,5812,42,464,36238,2264,2264,523023,7,14,1796,7,28,5469,35,413,31469
200909,13,3,5,Georgia,1266,1266,210863,3,6,459,4,14,1353,24,321,33390,985,985,169153,1,2,115,2,8,1050,20,301,31897
200909,15,4,9,Hawaii,241,241,78315,0,0,0,1,3,376,1,11,1061,184,184,58521,0,0,0,0,0,0,0,0,0
200909,16,4,8,Idaho,482,482,85453,2,4,367,1,3,175,0,0,0,367,367,65249,1,2,263,0,0,0,0,0,0
200909,17,2,3,Illinois,841,841,176695,4,8,707,2,6,955,10,456,111281,639,639,136603,3,6,470,2,6,955,6,422,108463
200909,18,2,3,Indiana,885,885,167859,6,12,1484,2,7,858,20,250,27131,720,720,139083,5,10,1297,2,7,858,17,229,25373
200909,19,2,4,Iowa,559,559,102678,22,44,4305,10,34,3373,6,257,32663,508,508,93416,21,42,4063,10,34,3373,6,257,32663
200909,20,2,4,Kansas,276,276,51538,2,4,398,3,11,821,7,125,5992,243,243,45926,2,4,398,3,11,821,6,120,5529
200909,21,3,6,Kentucky,438,438,69481,2,4,369,7,26,1740,5,42,1764,384,384,60699,1,2,176,7,26,1740,3,32,1360
200909,22,3,7,Louisiana,952,952,142452,42,84,6270,2,8,540,3,25,2372,845,845,127135,40,80,5868,2,8,540,1,6,1300
200909,23,1,1,Maine,282,282,45512,1,2,173,4,16,1780,1,5,219,164,164,29355,0,0,0,4,16,1780,0,0,0
200909,24,3,5,Maryland,730,730,141263,0,0,0,1,4,350,5,69,6963,618,618,117927,0,0,0,1,4,350,1,14,1400
200909,25,1,1,Massachusetts,435,435,114200,8,16,2215,2,6,1216,12,92,12430,264,264,77514,4,8,1466,1,3,450,4,51,8703
200909,26,2,3,Michigan,698,698,119315,0,0,0,3,11,1215,6,80,9194,437,437,77262,0,0,0,2,8,765,3,65,8024
200909,27,2,4,Minnesota,817,817,168068,1,2,305,1,3,299,5,152,11639,712,712,150492,1,2,305,1,3,299,4,147,11066
200909,28,3,6,Mississippi,390,390,57444,3,6,494,11,42,4237,12,158,8867,276,276,43967,3,6,494,10,39,4108,10,144,7978
200909,29,2,4,Missouri,611,611,109612,20,40,4256,11,41,3131,9,92,7344,428,428,70381,6,12,1029,9,34,2420,3,24,1214
200909,30,4,8,Montana,129,129,20651,5,10,796,3,11,791,3,25,3065,116,116,18653,5,10,796,3,11,791,2,20,1641
200909,31,2,4,Nebraska,333,333,59086,1,2,218,0,0,0,3,63,7800,243,243,41913,0,0,0,0,0,0,1,53,6839
200909,32,4,8,Nevada,482,482,67308,0,0,0,5,15,1309,23,230,29960,469,469,63444,0,0,0,5,15,1309,23,230,29960
200909,33,1,1,New Hampshire,184,184,36256,2,4,599,3,12,800,1,5,276,148,148,28294,1,2,199,3,12,800,0,0,0
200909,34,1,2,New Jersey,719,719,142060,17,34,4219,16,53,5228,31,303,38184,485,485,99307,11,22,3074,14,47,5131,18,238,32272
200909,35,4,8,New Mexico,346,346,68151,0,0,0,1,4,330,2,29,2391,212,212,43177,0,0,0,1,4,330,1,17,1450
200909,36,1,2,New York,924,924,235777,38,76,8731,21,72,7815,38,375,35249,626,626,175564,36,72,8307,21,72,7815,26,315,31608
200909,37,3,5,North Carolina,2274,2274,411760,30,60,6963,7,28,1366,53,1013,52075,1876,1876,342262,28,56,6651,7,28,1366,52,1008,51951
200909,38,2,4,North Dakota,245,245,39472,1,2,342,0,0,0,4,149,10775,235,235,37861,1,2,342,0,0,0,4,149,10775
200909,39,2,3,Ohio,890,890,178397,1,2,160,4,14,1101,40,319,14953,711,711,144938,1,2,160,3,11,864,26,249,12447
200909,40,3,7,Oklahoma,558,558,93801,2,4,208,0,0,0,2,16,1145,428,428,74519,1,2,50,0,0,0,0,0,0
200909,41,4,9,Oregon,527,527,115511,2,4,348,0,0,0,0,0,0,497,497,109990,2,4,348,0,0,0,0,0,0
200909,42,1,2,Pennsylvania,1438,1438,254664,11,22,1902,25,97,8590,30,289,13848,1061,1061,183762,10,20,1642,24,94,8205,27,274,12665
200909,44,1,1,Rhode Island,63,63,12285,1,2,246,2,7,603,2,13,1627,51,51,9409,0,0,0,1,4,283,2,13,1627
200909,45,3,5,South Carolina,1299,1299,230257,0,0,0,0,0,0,8,83,7926,790,790,138823,0,0,0,0,0,0,1,16,1630
200909,46,2,4,South Dakota,245,245,37745,5,10,1196,3,12,977,3,48,3489,225,225,35694,5,10,1196,3,12,977,3,48,3489
200909,47,3,6,Tennessee,936,936,140782,14,28,973,7,27,2033,11,237,16910,737,737,111606,11,22,475,7,27,2033,8,208,15155
200909,48,3,7,Texas,5748,5748,1067674,46,92,8398,8,29,2243,118,1438,119202,5174,5174,964814,43,86,7959,5,20,1461,107,1355,113032
200909,49,4,8,Utah,708,708,139036,7,14,2203,16,52,4069,24,587,53174,606,606,120295,4,8,1526,6,22,2995,21,568,51912
200909,50,1,1,Vermont,73,73,12736,3,6,582,0,0,0,1,32,2800,39,39,6744,2,4,398,0,0,0,1,32,2800
200909,51,3,5,Virginia,1432,1432,265702,1,2,250,2,8,598,3,26,3869,1286,1286,233730,0,0,0,2,8,598,1,10,1067
200909,53,4,9,Washington,1236,1236,279608,6,12,1856,3,10,1358,19,418,41326,963,963,219708,6,12,1856,3,10,1358,16,401,39938
200909,54,3,5,West Virginia,186,186,29307,0,0,0,1,4,287,1,5,204,172,172,27433,0,0,0,1,4,287,0,0,0
200909,55,2,3,Wisconsin,953,953,174268,27,54,5797,2,8,1208,21,238,19018,745,745,139818,26,52,5608,2,8,1208,7,159,15225
200909,56,4,8,Wyoming,122,122,28541,1,2,4523,1,4,283,2,18,1053,86,86,22007,1,2,4523,0,0,0,1,13,625
200909,US,0,0,United States,40042,40042,7774539,454,908,104812,222,801,77512,720,9585,893387,32858,32858,6437979,389,778,91235,191,706,70378,555,8493,802141
200909,R1,1,0,Northeast Region,4306,4306,908255,87,174,19879,75,270,26948,119,1134,105780,2992,2992,651934,69,138,16047,70,255,25380,79,933,90452
200909,R2,2,0,Midwest Region,7353,7353,1384732,90,180,19168,41,147,13937,134,2229,261280,5846,5846,1113387,71,142,14869,37,134,12541,86,1922,241108
200909,R3,3,0,South Region,20160,20160,3648486,201,402,35385,59,225,20924,307,4145,311882,17087,17087,3122865,182,364,32091,52,204,19365,255,3714,276616
200909,R4,4,0,West Region,8223,8223,1833066,76,152,30380,47,159,15703,160,2077,214445,6933,6933,1549793,67,134,28228,32,113,13092,135,1924,193965
200909,D1,1,1,New England Division,1225,1225,275754,21,42,5027,13,48,5315,20,167,18499,820,820,193301,12,24,3025,11,42,4230,8,106,13906
200909,D2,1,2,Middle Atlantic Division,3081,3081,632501,66,132,14852,62,222,21633,99,967,87281,2172,2172,458633,57,114,13022,59,213,21150,71,827,76546
200909,D3,2,3,East North Central Divisi,4267,4267,816534,38,76,8148,13,46,5337,97,1343,181577,3252,3252,637704,35,70,7535,11,40,4651,59,1124,169532
200909,D4,2,4,West North Central Divisi,3086,3086,568198,52,104,11020,28,101,8600,37,886,79703,2594,2594,475683,36,72,7334,26,94,7890,27,798,71576
200909,D5,3,5,South Atlantic Division,10035,10035,1904173,83,166,17533,24,93,10130,141,2032,146900,8303,8303,1593198,75,150,16068,21,84,9483,114,1806,125209
200909,D6,3,6,East South Central Divisi,2455,2455,375256,19,38,1836,25,95,8011,40,606,40937,1970,1970,305135,15,30,1145,24,92,7881,30,519,35749
200909,D7,3,7,West South Central Divisi,7670,7670,1369057,99,198,16016,10,37,2783,126,1507,124045,6814,6814,1224532,92,184,14878,7,28,2001,111,1389,115658
200909,D8,4,8,Mountain Division,4093,4093,811720,18,36,8794,35,117,10019,81,1121,107828,3487,3487,695963,13,26,7804,23,80,8486,72,1065,99347
200909,D9,4,9,Pacific Division,4130,4130,1021346,58,116,21586,12,42,5684,79,956,106617,3446,3446,853830,54,108,20424,9,33,4606,63,859,94618
