Survey,FIPS,Region,Division,State,,1-unit,,,2-units,,,3-4 units,,,5+ units,,,1-unit rep,,,2-units rep,,,3-4 units rep       ,,,5+ units rep
Date,State,Code,Code,Name,Bldgs,Units,Value,Bldgs,Units,Value,Bldgs,Units,Value,      Bldgs,Units,Value,Bldgs,Units,Value,Bldgs,Units,Value,      Bldgs,Units,Value,Bldgs,Units,Value
 
201011,01,3,6,Alabama,481,481,81343,1,2,142,11,36,1946,9,77,4559,404,404,68740,0,0,0,9,29,1118,8,72,4106
201011,02,4,9,Alaska,31,31,7284,1,2,269,1,4,631,0,0,0,21,21,5188,1,2,269,1,4,631,0,0,0
201011,04,4,8,Arizona,569,569,121207,0,0,0,0,0,0,7,186,18517,487,487,106441,0,0,0,0,0,0,2,125,11062
201011,05,3,7,Arkansas,224,224,42793,7,14,1441,7,25,1223,3,37,2123,184,184,35991,6,12,1149,7,25,1223,2,32,1468
201011,06,4,9,California,1397,1397,374971,35,70,13864,9,32,5201,75,1378,162501,1172,1172,318771,33,66,12888,6,23,4343,60,1274,147600
201011,08,4,8,Colorado,633,633,184543,7,14,2178,0,0,0,4,112,9687,561,561,167379,7,14,2178,0,0,0,3,107,9542
201011,09,1,1,Connecticut,240,240,69985,3,6,508,0,0,0,4,54,5234,205,205,64537,2,4,350,0,0,0,2,44,4915
201011,10,3,5,Delaware,181,181,23100,0,0,0,0,0,0,4,36,1653,117,117,16046,0,0,0,0,0,0,2,26,894
201011,11,3,5,District of Columbia,41,41,7115,2,4,352,0,0,0,0,0,0,41,41,7115,2,4,352,0,0,0,0,0,0
201011,12,3,5,Florida,1854,1854,422378,7,14,1484,11,44,5538,46,798,60922,1648,1648,385889,5,10,1062,11,44,5538,41,761,58392
201011,13,3,5,Georgia,941,941,163944,1,2,150,4,14,2391,8,72,4167,687,687,125402,0,0,0,3,11,2255,5,44,2200
201011,15,4,9,Hawaii,119,119,38137,4,8,3900,1,3,821,3,35,4588,77,77,27743,4,8,3900,0,0,0,2,30,4228
201011,16,4,8,Idaho,231,231,40561,0,0,0,4,16,775,14,199,23539,186,186,34072,0,0,0,2,8,529,13,194,22876
201011,17,2,3,Illinois,661,661,149798,18,36,3505,5,16,2880,7,68,8395,479,479,113749,17,34,3205,5,16,2880,3,36,5915
201011,18,2,3,Indiana,699,699,132464,5,10,1205,4,13,2000,8,105,9408,627,627,120459,5,10,1205,3,10,2000,8,105,9408
201011,19,2,4,Iowa,600,600,103595,19,38,3247,1,4,307,6,92,8719,546,546,95515,18,36,3095,1,4,307,4,77,7553
201011,20,2,4,Kansas,325,325,55111,16,32,2543,1,3,488,2,24,2757,264,264,42131,14,28,2195,0,0,0,1,10,1601
201011,21,3,6,Kentucky,350,350,65463,0,0,0,1,4,200,3,49,4564,331,331,62464,0,0,0,1,4,200,2,44,4396
201011,22,3,7,Louisiana,716,716,126151,27,54,4395,0,0,0,4,44,2011,468,468,86817,22,44,3678,0,0,0,0,0,0
201011,23,1,1,Maine,207,207,39839,2,4,1140,0,0,0,1,5,219,100,100,22905,2,4,1140,0,0,0,0,0,0
201011,24,3,5,Maryland,638,638,118063,1,2,90,1,3,269,5,51,4853,565,565,104860,1,2,90,0,0,0,3,33,2718
201011,25,1,1,Massachusetts,490,490,129816,6,12,1325,2,7,1014,12,319,29327,365,365,103525,3,6,590,1,4,439,5,274,25114
201011,26,2,3,Michigan,858,858,147649,1,2,587,1,4,210,7,96,7848,668,668,114792,1,2,587,1,4,210,6,91,7412
201011,27,2,4,Minnesota,432,432,98356,1,2,219,1,4,515,4,130,10703,336,336,81530,0,0,0,1,4,515,2,120,9901
201011,28,3,6,Mississippi,261,261,41886,5,10,751,32,117,8146,1,12,757,171,171,30937,0,0,0,0,0,0,0,0,0
201011,29,2,4,Missouri,474,474,95690,8,16,1524,13,50,3229,4,62,3819,392,392,75143,6,12,1175,11,44,2704,0,0,0
201011,30,4,8,Montana,80,80,12990,0,0,0,5,20,1812,2,39,1400,68,68,11025,0,0,0,5,20,1812,2,39,1400
201011,31,2,4,Nebraska,240,240,46264,2,4,515,0,0,0,7,137,9466,154,154,29679,2,4,515,0,0,0,6,132,9100
201011,32,4,8,Nevada,237,237,39060,0,0,0,1,3,171,0,0,0,236,236,38883,0,0,0,1,3,171,0,0,0
201011,33,1,1,New Hampshire,142,142,30621,0,0,0,8,32,5413,4,35,3133,112,112,23329,0,0,0,6,24,4808,2,24,2406
201011,34,1,2,New Jersey,575,575,123758,23,46,5079,4,13,1831,25,277,26960,353,353,83980,14,28,3666,3,10,1663,10,200,20629
201011,35,4,8,New Mexico,255,255,46866,0,0,0,1,3,253,1,14,1088,98,98,19156,0,0,0,0,0,0,0,0,0
201011,36,1,2,New York,943,943,194864,42,84,4975,15,49,6392,22,234,20392,615,615,143448,40,80,4626,14,46,5574,10,172,16322
201011,37,3,5,North Carolina,1584,1584,277357,19,38,2565,10,31,2575,33,609,40626,1340,1340,232195,18,36,2457,9,27,2429,27,538,36576
201011,38,2,4,North Dakota,163,163,28816,0,0,0,2,8,800,7,69,6114,133,133,24765,0,0,0,2,8,800,7,69,6114
201011,39,2,3,Ohio,630,630,131120,12,24,1520,6,22,2183,13,66,2116,503,503,109414,11,22,1370,5,19,1845,1,6,495
201011,40,3,7,Oklahoma,449,449,77476,7,14,758,0,0,0,1,5,285,292,292,55997,4,8,281,0,0,0,0,0,0
201011,41,4,9,Oregon,388,388,83458,2,4,632,0,0,0,4,71,4522,355,355,76450,2,4,632,0,0,0,2,57,2836
201011,42,1,2,Pennsylvania,1146,1146,213642,18,36,5250,16,59,5858,9,111,16730,788,788,147097,18,36,5250,13,50,4751,7,100,13953
201011,44,1,1,Rhode Island,51,51,11952,3,6,273,3,9,240,0,0,0,40,40,10080,1,2,70,3,9,240,0,0,0
201011,45,3,5,South Carolina,843,843,156235,2,4,204,1,3,457,5,74,5381,580,580,118016,0,0,0,1,3,457,2,33,2400
201011,46,2,4,South Dakota,147,147,26196,2,4,392,3,11,789,2,16,1203,125,125,22551,2,4,392,2,8,611,1,8,697
201011,47,3,6,Tennessee,672,672,109059,6,12,897,5,18,1273,5,48,3254,486,486,83669,3,6,443,1,4,165,4,42,2686
201011,48,3,7,Texas,4169,4169,815570,19,38,4161,51,187,13379,84,1407,100441,3811,3811,749589,15,30,3520,47,174,12516,75,1334,95268
201011,49,4,8,Utah,432,432,91694,7,14,1984,21,83,10255,12,282,30865,331,331,75120,6,12,1731,21,83,10255,5,195,21279
201011,50,1,1,Vermont,71,71,14619,1,2,221,0,0,0,4,29,3841,36,36,9162,0,0,0,0,0,0,1,14,1634
201011,51,3,5,Virginia,982,982,177372,5,10,828,2,8,901,16,265,14840,865,865,158334,4,8,703,1,4,544,11,201,10998
201011,53,4,9,Washington,883,883,211705,3,6,993,9,32,4229,7,264,31639,724,724,168702,2,4,698,7,26,3445,3,234,28740
201011,54,3,5,West Virginia,92,92,16795,1,2,170,0,0,0,1,5,250,75,75,14139,0,0,0,0,0,0,0,0,0
201011,55,2,3,Wisconsin,497,497,107707,9,18,1824,0,0,0,9,320,23589,378,378,83653,8,16,1662,0,0,0,7,280,19679
201011,56,4,8,Wyoming,67,67,16773,0,0,0,0,0,0,6,119,10282,50,50,13707,0,0,0,0,0,0,4,92,8030
201011,US,0,0,United States,29391,29391,5943215,360,720,78060,273,990,96597,520,8537,749291,23650,23650,4920280,299,598,67121,204,752,76979,361,7269,642544
201011,R1,1,0,Northeast Region,3865,3865,829098,98,196,18770,48,169,20749,81,1064,105836,2614,2614,608063,80,160,15692,40,143,17476,37,828,84973
201011,R2,2,0,Midwest Region,5726,5726,1122768,93,186,17081,37,135,13402,76,1185,94139,4605,4605,913379,84,168,15399,31,117,11872,46,934,77876
201011,R3,3,0,South Region,14478,14478,2722099,110,220,18389,136,490,38298,228,3589,250687,12065,12065,2336201,80,160,13734,90,325,26445,182,3160,222102
201011,R4,4,0,West Region,5322,5322,1269250,59,118,23820,52,196,24148,135,2699,298629,4366,4366,1062637,55,110,22296,43,167,21186,96,2347,257593
201011,D1,1,1,New England Division,1201,1201,296833,15,30,3466,13,48,6668,25,442,41754,858,858,233538,8,16,2150,10,37,5487,10,356,34069
201011,D2,1,2,Middle Atlantic Division,2664,2664,532265,83,166,15304,35,121,14081,56,622,64082,1756,1756,374525,72,144,13542,30,106,11989,27,472,50904
201011,D3,2,3,East North Central Divisi,3345,3345,668738,45,90,8641,16,55,7273,44,655,51357,2655,2655,542066,42,84,8028,14,49,6935,25,518,42908
201011,D4,2,4,West North Central Divisi,2381,2381,454030,48,96,8440,21,80,6129,32,530,42782,1950,1950,371313,42,84,7371,17,68,4937,21,416,34968
201011,D5,3,5,South Atlantic Division,7156,7156,1362359,38,76,5843,29,103,12131,118,1910,132693,5918,5918,1161996,30,60,4664,25,89,11223,91,1636,114179
201011,D6,3,6,East South Central Divisi,1764,1764,297751,12,24,1791,49,175,11565,18,186,13134,1392,1392,245810,3,6,443,11,37,1483,14,158,11187
201011,D7,3,7,West South Central Divisi,5558,5558,1061989,60,120,10755,58,212,14602,92,1493,104860,4755,4755,928395,47,94,8627,54,199,13739,77,1366,96736
201011,D8,4,8,Mountain Division,2504,2504,553694,14,28,4162,32,125,13266,46,951,95378,2017,2017,465783,13,26,3909,29,114,12767,29,752,74189
201011,D9,4,9,Pacific Division,2818,2818,715556,45,90,19658,20,71,10882,89,1748,203251,2349,2349,596854,42,84,18387,14,53,8419,67,1595,183404
