Survey,FIPS,Region,Division,State,,1-unit,,,2-units,,,3-4 units,,,5+ units,,,1-unit rep,,,2-units rep,,,3-4 units rep       ,,,5+ units rep
Date,State,Code,Code,Name,Bldgs,Units,Value,Bldgs,Units,Value,Bldgs,Units,Value,      Bldgs,Units,Value,Bldgs,Units,Value,Bldgs,Units,Value,      Bldgs,Units,Value,Bldgs,Units,Value
 
201008,01,3,6,Alabama,615,615,103228,1,2,390,0,0,0,1,6,147,501,501,82232,1,2,390,0,0,0,0,0,0
201008,02,4,9,Alaska,87,87,23350,2,4,520,1,3,468,3,33,3539,70,70,19708,2,4,520,1,3,468,3,33,3539
201008,04,4,8,Arizona,877,877,185723,1,2,166,1,3,276,4,74,9881,750,750,162955,0,0,0,0,0,0,0,0,0
201008,05,3,7,Arkansas,310,310,51333,9,18,1114,2,7,643,39,510,22413,253,253,40562,8,16,986,2,7,643,33,450,17595
201008,06,4,9,California,1835,1835,494120,30,60,10002,23,78,9930,75,1660,223669,1315,1315,365578,28,56,8943,18,63,8225,54,1417,194521
201008,08,4,8,Colorado,837,837,215579,8,16,2456,3,11,1672,4,25,2145,730,730,190112,8,16,2456,2,8,1328,2,14,1381
201008,09,1,1,Connecticut,198,198,51380,4,8,700,0,0,0,5,33,2859,149,149,36851,3,6,617,0,0,0,1,12,2116
201008,10,3,5,Delaware,176,176,21466,3,6,393,0,0,0,3,23,1469,129,129,15395,3,6,393,0,0,0,2,18,1389
201008,11,3,5,District of Columbia,12,12,2200,3,6,551,0,0,0,1,99,10678,0,0,0,0,0,0,0,0,0,0,0,0
201008,12,3,5,Florida,2628,2628,584278,10,20,2600,9,33,5970,28,515,53180,2272,2272,513655,9,18,2384,6,22,3510,19,354,39021
201008,13,3,5,Georgia,1151,1151,200898,2,4,316,1,4,250,9,223,18036,770,770,140265,0,0,0,1,4,250,6,175,14706
201008,15,4,9,Hawaii,147,147,51500,2,4,815,3,11,2667,20,144,21145,147,147,51500,2,4,815,3,11,2667,20,144,21145
201008,16,4,8,Idaho,258,258,45239,1,2,147,0,0,0,1,5,575,213,213,38157,1,2,147,0,0,0,0,0,0
201008,17,2,3,Illinois,669,669,152508,6,12,3479,11,35,7306,30,292,40362,460,460,110982,5,10,3304,10,32,6766,24,239,36088
201008,18,2,3,Indiana,856,856,150309,10,20,2079,3,11,1299,9,62,9458,736,736,129978,9,18,1967,3,11,1299,7,52,7673
201008,19,2,4,Iowa,463,463,88166,5,10,866,3,11,743,5,41,3083,355,355,69241,2,4,331,0,0,0,0,0,0
201008,20,2,4,Kansas,277,277,57103,18,36,2614,1,3,403,5,97,6078,221,221,46218,8,16,1514,0,0,0,0,0,0
201008,21,3,6,Kentucky,531,531,81835,8,16,946,2,7,312,7,86,6159,415,415,65187,6,12,630,1,4,216,4,44,3260
201008,22,3,7,Louisiana,843,843,145915,13,26,2367,3,12,900,4,40,2528,557,557,99108,10,20,1804,3,12,900,0,0,0
201008,23,1,1,Maine,257,257,46038,1,2,185,1,3,366,3,18,1189,159,159,29488,0,0,0,0,0,0,1,8,545
201008,24,3,5,Maryland,741,741,130504,1,2,150,1,3,269,8,519,70510,579,579,99135,1,2,150,0,0,0,3,415,33348
201008,25,1,1,Massachusetts,467,467,108039,6,12,951,3,10,1582,20,232,21129,287,287,69873,1,2,148,1,4,854,6,98,7381
201008,26,2,3,Michigan,874,874,138221,2,4,350,11,43,4341,6,63,6000,664,664,106827,2,4,350,10,40,4102,3,48,4935
201008,27,2,4,Minnesota,649,649,140311,3,6,673,10,39,4458,22,313,27863,521,521,116058,2,4,454,10,39,4458,9,245,23842
201008,28,3,6,Mississippi,328,328,46326,5,10,527,3,11,884,7,131,6201,202,202,29151,2,4,142,0,0,0,5,108,4940
201008,29,2,4,Missouri,637,637,107796,10,20,1996,3,12,1018,18,217,16498,521,521,79948,7,14,1458,3,12,1018,12,130,11034
201008,30,4,8,Montana,136,136,22228,7,14,1066,15,56,5667,1,5,1424,114,114,18634,6,12,746,15,56,5667,0,0,0
201008,31,2,4,Nebraska,360,360,65174,1,2,252,5,20,1382,5,95,5121,221,221,38826,1,2,252,5,20,1382,4,90,4756
201008,32,4,8,Nevada,442,442,62985,5,10,561,2,6,418,1,5,461,438,438,62311,5,10,561,2,6,418,0,0,0
201008,33,1,1,New Hampshire,186,186,44342,1,2,279,4,16,1826,3,18,1878,128,128,28078,1,2,279,2,8,1221,1,8,833
201008,34,1,2,New Jersey,585,585,120347,20,40,4322,7,22,2705,63,636,39525,341,341,74477,11,22,2850,4,13,1588,38,490,24444
201008,35,4,8,New Mexico,319,319,58431,0,0,0,1,3,422,2,22,1710,207,207,38682,0,0,0,0,0,0,0,0,0
201008,36,1,2,New York,989,989,199721,61,122,13204,12,39,4777,32,395,46539,674,674,146679,60,120,13124,12,39,4777,9,249,29185
201008,37,3,5,North Carolina,2218,2218,387398,7,14,1489,5,18,1170,56,796,47561,1826,1826,319162,5,10,1092,4,15,1016,50,718,42922
201008,38,2,4,North Dakota,177,177,31709,0,0,0,0,0,0,8,274,17224,121,121,22757,0,0,0,0,0,0,7,267,16879
201008,39,2,3,Ohio,896,896,189543,14,28,1734,7,26,3211,19,205,7918,684,684,146592,13,26,1519,5,20,2824,6,140,5700
201008,40,3,7,Oklahoma,558,558,94220,5,10,992,2,7,222,5,81,5196,305,305,57701,3,6,682,1,4,100,1,24,2124
201008,41,4,9,Oregon,514,514,112148,6,12,1807,2,8,718,19,330,27788,462,462,101114,5,10,1507,2,8,718,19,330,27788
201008,42,1,2,Pennsylvania,1269,1269,235928,37,74,7567,8,28,2614,40,498,40644,847,847,157326,35,70,7039,7,25,2377,36,471,35791
201008,44,1,1,Rhode Island,59,59,12398,0,0,0,1,3,317,2,15,1054,48,48,10830,0,0,0,0,0,0,1,10,450
201008,45,3,5,South Carolina,980,980,177709,2,4,204,0,0,0,11,197,13578,537,537,113617,0,0,0,0,0,0,5,112,7565
201008,46,2,4,South Dakota,208,208,25934,0,0,0,3,12,1089,2,70,2928,187,187,22072,0,0,0,3,12,1089,1,65,2691
201008,47,3,6,Tennessee,902,902,150549,14,28,1434,3,12,432,23,735,59101,705,705,126365,13,26,1342,3,12,432,19,684,56057
201008,48,3,7,Texas,5255,5255,947539,72,144,9929,29,109,7696,102,2182,155144,4169,4169,772405,68,136,9242,23,89,6536,77,1790,122046
201008,49,4,8,Utah,628,628,135229,3,6,650,15,59,27647,18,547,52264,479,479,106055,3,6,650,4,16,1679,11,459,44689
201008,50,1,1,Vermont,63,63,19854,1,2,212,0,0,0,1,5,317,37,37,14374,1,2,212,0,0,0,0,0,0
201008,51,3,5,Virginia,1566,1566,264312,0,0,0,1,4,357,18,301,14058,1444,1444,243619,0,0,0,0,0,0,13,198,8353
201008,53,4,9,Washington,1256,1256,302177,27,54,8643,3,10,1314,33,1126,61743,1077,1077,259624,16,32,5022,3,10,1314,20,964,43650
201008,54,3,5,West Virginia,120,120,18692,1,2,170,0,0,0,0,0,0,74,74,12590,0,0,0,0,0,0,0,0,0
201008,55,2,3,Wisconsin,712,712,137753,6,12,1971,1,3,272,26,244,17708,504,504,97674,5,10,1646,0,0,0,20,176,11712
201008,56,4,8,Wyoming,91,91,28686,0,0,0,0,0,0,2,17,1074,66,66,24000,0,0,0,0,0,0,0,0,0
201008,US,0,0,United States,37212,37212,7268366,454,908,93839,224,811,110011,829,14260,1208752,28671,28671,5723726,371,742,77669,169,625,69841,552,11249,916092
201008,R1,1,0,Northeast Region,4073,4073,838046,131,262,27420,36,121,14185,169,1850,155134,2670,2670,567976,112,224,24269,26,89,10816,93,1346,100745
201008,R2,2,0,Midwest Region,6778,6778,1284525,75,150,16014,58,215,25521,155,1973,160240,5195,5195,987170,54,108,12795,49,186,22938,93,1452,125309
201008,R3,3,0,South Region,18934,18934,3408400,156,312,23573,61,227,19105,322,6444,485959,14738,14738,2730151,129,258,19238,44,169,13602,237,5090,353325
201008,R4,4,0,West Region,7427,7427,1737395,92,184,26832,69,248,51200,183,3993,407419,6068,6068,1438429,76,152,21367,50,181,22485,129,3361,336713
201008,D1,1,1,New England Division,1230,1230,282050,13,26,2327,9,32,4090,34,321,28426,808,808,189494,6,12,1256,3,12,2074,10,136,11326
201008,D2,1,2,Middle Atlantic Division,2843,2843,555996,118,236,25093,27,89,10095,135,1529,126708,1862,1862,378482,106,212,23013,23,77,8742,83,1210,89419
201008,D3,2,3,East North Central Divisi,4007,4007,768332,38,76,9614,33,118,16429,90,866,81445,3048,3048,592052,34,68,8786,28,103,14992,60,655,66108
201008,D4,2,4,West North Central Divisi,2771,2771,516193,37,74,6400,25,97,9092,65,1107,78795,2147,2147,395118,20,40,4009,21,83,7946,33,797,59201
201008,D5,3,5,South Atlantic Division,9592,9592,1787457,29,58,5874,17,62,8016,134,2673,229070,7631,7631,1457439,18,36,4020,11,41,4775,98,1990,147303
201008,D6,3,6,East South Central Divisi,2376,2376,381937,28,56,3297,8,30,1629,38,958,71608,1823,1823,302935,22,44,2504,4,16,648,28,836,64257
201008,D7,3,7,West South Central Divisi,6966,6966,1239006,99,198,14402,36,135,9460,150,2813,185281,5284,5284,969777,89,178,12714,29,112,8179,111,2264,141765
201008,D8,4,8,Mountain Division,3588,3588,754101,25,50,5046,37,138,36103,33,700,69535,2997,2997,640906,23,46,4560,23,86,9093,13,473,46070
201008,D9,4,9,Pacific Division,3839,3839,983294,67,134,21786,32,110,15097,150,3293,337884,3071,3071,797523,53,106,16807,27,95,13392,116,2888,290643
