Survey,FIPS,Region,Division,State,,1-unit,,,2-units,,,3-4 units,,,5+ units,,,1-unit rep,,,2-units rep,,,3-4 units rep       ,,,5+ units rep
Date,State,Code,Code,Name,Bldgs,Units,Value,Bldgs,Units,Value,Bldgs,Units,Value,      Bldgs,Units,Value,Bldgs,Units,Value,Bldgs,Units,Value,      Bldgs,Units,Value,Bldgs,Units,Value
 
201009,01,3,6,Alabama,552,552,87440,2,4,252,1,4,421,10,178,12008,406,406,61946,1,2,110,0,0,0,8,168,11521
201009,02,4,9,Alaska,80,80,20701,2,4,589,1,3,616,0,0,0,67,67,17761,2,4,589,1,3,616,0,0,0
201009,04,4,8,Arizona,768,768,159299,0,0,0,0,0,0,17,287,32807,571,571,122686,0,0,0,0,0,0,13,233,25986
201009,05,3,7,Arkansas,335,335,52033,29,58,4307,24,96,3898,3,33,2497,296,296,45547,27,54,4073,24,96,3898,0,0,0
201009,06,4,9,California,1785,1785,478220,32,64,10557,27,101,15980,56,876,144814,1434,1434,388794,30,60,9581,24,91,13709,39,749,124696
201009,08,4,8,Colorado,757,757,191381,1,2,184,3,11,1231,29,561,64387,674,674,170992,1,2,184,3,11,1231,28,554,64184
201009,09,1,1,Connecticut,221,221,56774,7,14,1567,10,35,4150,13,128,19923,155,155,37069,6,12,1396,9,32,3770,10,109,19109
201009,10,3,5,Delaware,225,225,32185,5,10,741,1,3,600,2,18,1236,183,183,28402,5,10,741,1,3,600,1,12,703
201009,11,3,5,District of Columbia,13,13,2256,2,4,352,0,0,0,0,0,0,13,13,2256,2,4,352,0,0,0,0,0,0
201009,12,3,5,Florida,2271,2271,518738,5,10,879,8,29,3373,34,462,50023,1978,1978,463738,2,4,312,7,26,3004,26,382,44028
201009,13,3,5,Georgia,1015,1015,184600,2,4,409,6,18,1863,13,119,9457,700,700,133249,1,2,243,5,15,1727,10,89,7479
201009,15,4,9,Hawaii,207,207,59918,1,2,2800,0,0,0,1,72,6200,207,207,59918,1,2,2800,0,0,0,1,72,6200
201009,16,4,8,Idaho,295,295,54433,1,2,337,0,0,0,0,0,0,270,270,50286,1,2,337,0,0,0,0,0,0
201009,17,2,3,Illinois,676,676,149912,6,12,1549,6,20,2631,19,316,41290,498,498,111992,5,10,1257,5,17,2319,15,288,38941
201009,18,2,3,Indiana,847,847,139883,20,40,3302,14,52,3384,11,222,18368,694,694,113387,20,40,3302,14,52,3384,10,217,16800
201009,19,2,4,Iowa,514,514,85263,6,12,1242,1,3,260,6,163,18552,428,428,70896,5,10,993,0,0,0,4,140,16540
201009,20,2,4,Kansas,321,321,57576,6,12,1106,0,0,0,4,78,7358,193,193,37671,1,2,150,0,0,0,3,72,6821
201009,21,3,6,Kentucky,434,434,67943,2,4,356,3,10,916,6,92,4444,296,296,48008,1,2,170,1,4,360,4,64,2880
201009,22,3,7,Louisiana,829,829,132730,9,18,1405,12,48,2568,4,70,5359,580,580,95158,4,8,560,12,48,2568,1,42,3611
201009,23,1,1,Maine,244,244,37507,13,26,1340,11,34,2289,2,12,773,125,125,19296,1,2,350,0,0,0,0,0,0
201009,24,3,5,Maryland,646,646,118283,11,22,2816,1,3,269,4,62,23407,494,494,88942,11,22,2816,0,0,0,0,0,0
201009,25,1,1,Massachusetts,548,548,133858,19,38,4012,25,98,10846,13,135,11762,394,394,101967,11,22,2392,23,92,10241,2,13,1450
201009,26,2,3,Michigan,705,705,132239,2,4,686,3,10,1044,4,20,1467,511,511,102586,2,4,686,3,10,1044,0,0,0
201009,27,2,4,Minnesota,586,586,126363,4,8,1745,4,14,2242,3,65,6045,461,461,103002,3,6,1483,2,8,1693,1,53,5102
201009,28,3,6,Mississippi,337,337,54004,5,10,751,4,15,1221,2,21,1347,214,214,38525,0,0,0,2,8,775,1,6,400
201009,29,2,4,Missouri,473,473,91348,11,22,1776,3,10,991,11,302,27835,344,344,61947,9,18,1438,2,7,556,6,225,22690
201009,30,4,8,Montana,110,110,19564,1,2,195,4,15,1751,9,124,10927,88,88,15970,0,0,0,3,12,1387,9,124,10927
201009,31,2,4,Nebraska,368,368,64514,8,16,1843,0,0,0,2,32,2965,241,241,40559,6,12,1519,0,0,0,1,27,2599
201009,32,4,8,Nevada,284,284,43528,1,2,226,4,12,1044,1,5,461,281,281,43016,1,2,226,4,12,1044,0,0,0
201009,33,1,1,New Hampshire,142,142,30395,4,8,608,6,24,2206,4,21,1853,86,86,18826,3,6,443,0,0,0,1,5,742
201009,34,1,2,New Jersey,647,647,123709,45,90,9017,6,20,2646,40,497,53217,402,402,78501,30,60,6342,1,3,450,17,264,14214
201009,35,4,8,New Mexico,310,310,59287,0,0,0,1,3,253,1,16,1243,96,96,21185,0,0,0,0,0,0,0,0,0
201009,36,1,2,New York,810,810,186457,46,92,9446,67,255,26529,35,413,42429,514,514,135755,42,84,8802,67,255,26529,11,281,28229
201009,37,3,5,North Carolina,1927,1927,331584,3,6,619,5,19,1939,28,296,17448,1604,1604,276493,2,4,512,4,16,1439,16,204,13971
201009,38,2,4,North Dakota,213,213,33982,2,4,629,0,0,0,6,162,11198,178,178,29269,2,4,629,0,0,0,6,162,11198
201009,39,2,3,Ohio,797,797,161474,0,0,0,3,11,1300,22,237,11566,645,645,134374,0,0,0,2,8,1232,9,170,9106
201009,40,3,7,Oklahoma,577,577,90274,6,12,830,1,3,170,2,25,1564,390,390,64698,3,6,361,0,0,0,0,0,0
201009,41,4,9,Oregon,505,505,121654,4,8,788,0,0,0,5,55,5501,445,445,109108,4,8,788,0,0,0,4,50,5096
201009,42,1,2,Pennsylvania,1522,1522,252218,15,30,3657,8,29,2671,18,643,109858,1011,1011,154023,12,24,2987,5,18,1268,14,617,105176
201009,44,1,1,Rhode Island,74,74,14410,10,20,2009,1,3,317,0,0,0,52,52,10490,3,6,910,0,0,0,0,0,0
201009,45,3,5,South Carolina,899,899,165127,3,6,306,11,34,2258,5,59,4089,605,605,122179,0,0,0,1,4,458,0,0,0
201009,46,2,4,South Dakota,237,237,39494,0,0,0,4,15,1409,3,27,2345,195,195,32133,0,0,0,3,12,1221,2,16,1649
201009,47,3,6,Tennessee,804,804,129337,5,10,882,4,13,622,20,422,32798,664,664,109061,2,4,395,4,13,622,18,404,31808
201009,48,3,7,Texas,4479,4479,870367,23,46,3730,7,23,1852,90,1816,134650,3596,3596,713370,20,40,3190,3,10,654,77,1710,127840
201009,49,4,8,Utah,597,597,124974,5,10,1333,3,12,1231,16,244,19359,456,456,102777,4,8,1082,3,12,1231,9,180,13720
201009,50,1,1,Vermont,78,78,16393,2,4,303,1,3,225,4,83,7756,63,63,13074,2,4,303,0,0,0,3,78,6975
201009,51,3,5,Virginia,1357,1357,253533,14,28,2810,45,179,14857,26,420,31358,1252,1252,232519,14,28,2810,43,172,14312,21,345,25977
201009,53,4,9,Washington,1149,1149,271915,15,30,4820,3,10,1622,21,326,42220,979,979,230403,15,30,4820,2,7,1322,7,256,34131
201009,54,3,5,West Virginia,120,120,18976,0,0,0,0,0,0,11,55,2964,108,108,17107,0,0,0,0,0,0,0,0,0
201009,55,2,3,Wisconsin,677,677,136080,5,10,1118,2,8,753,17,180,16063,486,486,98490,4,8,955,2,8,753,3,71,8525
201009,56,4,8,Wyoming,106,106,24694,0,0,0,0,0,0,2,28,2334,72,72,14209,0,0,0,0,0,0,0,0,0
201009,US,0,0,United States,34473,34473,6808825,420,840,90229,354,1308,126450,655,10478,1077523,26695,26695,5393606,321,642,73389,285,1085,105416,411,8452,871025
201009,R1,1,0,Northeast Region,4286,4286,851719,161,322,31960,135,501,51879,129,1932,247572,2802,2802,569002,110,220,23925,105,400,42258,58,1367,175895
201009,R2,2,0,Midwest Region,6414,6414,1218129,70,140,14996,40,143,14016,108,1804,165051,4874,4874,936304,57,114,12413,33,122,12201,60,1441,139973
201009,R3,3,0,South Region,16820,16820,3109409,126,252,21445,133,497,36827,260,4148,334647,13379,13379,2541197,95,190,16645,107,415,30416,183,3426,270217
201009,R4,4,0,West Region,6953,6953,1629568,63,126,21828,46,167,23728,158,2594,330253,5640,5640,1347103,59,118,20406,40,148,20541,110,2218,284940
201009,D1,1,1,New England Division,1307,1307,289336,55,110,9840,54,197,20033,36,379,42068,875,875,200723,26,52,5794,32,124,14010,16,205,28277
201009,D2,1,2,Middle Atlantic Division,2979,2979,562383,106,212,22120,81,304,31846,93,1553,205504,1927,1927,368279,84,168,18131,73,276,28248,42,1162,147618
201009,D3,2,3,East North Central Divisi,3702,3702,719589,33,66,6655,28,101,9113,73,975,88754,2834,2834,560828,31,62,6201,26,95,8732,37,746,73372
201009,D4,2,4,West North Central Divisi,2712,2712,498540,37,74,8341,12,42,4903,35,829,76297,2040,2040,375476,26,52,6212,7,27,3469,23,695,66601
201009,D5,3,5,South Atlantic Division,8473,8473,1625281,45,90,8931,77,285,25159,123,1491,139981,6937,6937,1364884,37,74,7785,61,236,21541,74,1032,92157
201009,D6,3,6,East South Central Divisi,2127,2127,338724,14,28,2241,12,42,3180,38,713,50596,1580,1580,257540,4,8,675,7,25,1756,31,642,46609
201009,D7,3,7,West South Central Divisi,6220,6220,1145404,67,134,10273,44,170,8488,99,1944,144070,4862,4862,918773,54,108,8185,39,154,7119,78,1752,131451
201009,D8,4,8,Mountain Division,3227,3227,677160,9,18,2275,15,53,5510,75,1265,131518,2508,2508,541120,7,14,1829,13,47,4894,59,1091,114817
201009,D9,4,9,Pacific Division,3726,3726,952408,54,108,19553,31,114,18218,83,1329,198735,3132,3132,805983,52,104,18577,27,101,15647,51,1127,170123
