Survey,FIPS,Region,Division,State,,1-unit,,,2-units,,,3-4 units,,,5+ units,,,1-unit rep,,,2-units rep,,,3-4 units rep       ,,,5+ units rep
Date,State,Code,Code,Name,Bldgs,Units,Value,Bldgs,Units,Value,Bldgs,Units,Value,      Bldgs,Units,Value,Bldgs,Units,Value,Bldgs,Units,Value,      Bldgs,Units,Value,Bldgs,Units,Value
 
201105,01,3,6,Alabama,718,718,116601,2,4,346,0,0,0,2,29,2115,422,422,78504,1,2,80,0,0,0,0,0,0
201105,02,4,9,Alaska,71,71,19105,3,6,941,0,0,0,1,6,851,55,55,15875,3,6,941,0,0,0,1,6,851
201105,04,4,8,Arizona,934,934,202342,2,4,466,0,0,0,1,5,362,763,763,167846,0,0,0,0,0,0,0,0,0
201105,05,3,7,Arkansas,385,385,62753,7,14,1294,4,16,1251,34,595,28443,352,352,57633,7,14,1294,3,12,949,33,590,28246
201105,06,4,9,California,2265,2265,583316,33,66,15036,39,128,17535,108,2273,333895,1825,1825,481228,31,62,14238,34,113,15942,88,2066,309267
201105,08,4,8,Colorado,909,909,247350,7,14,2251,4,16,3075,6,131,9028,853,853,233170,7,14,2251,4,16,3075,5,123,8796
201105,09,1,1,Connecticut,185,185,51617,0,0,0,0,0,0,6,43,2927,135,135,36356,0,0,0,0,0,0,1,6,350
201105,10,3,5,Delaware,235,235,28515,3,6,455,2,7,1145,4,51,5224,178,178,21188,3,6,455,2,7,1145,2,41,4829
201105,11,3,5,District of Columbia,17,17,2951,1,2,176,2,6,540,1,45,6250,0,0,0,0,0,0,0,0,0,0,0,0
201105,12,3,5,Florida,2943,2943,714287,13,26,3644,35,107,9214,40,258,26210,2641,2641,638242,12,24,3435,5,17,2317,24,160,17359
201105,13,3,5,Georgia,1364,1364,243178,1,2,150,2,7,698,22,418,30402,1120,1120,202965,0,0,0,1,4,562,18,375,27657
201105,15,4,9,Hawaii,139,139,45130,0,0,0,0,0,0,6,57,3363,83,83,27751,0,0,0,0,0,0,0,0,0
201105,16,4,8,Idaho,351,351,74319,0,0,0,8,32,1887,2,17,1265,278,278,63904,0,0,0,8,32,1887,0,0,0
201105,17,2,3,Illinois,726,726,171915,18,36,6277,1,3,375,33,468,47535,556,556,136664,16,32,5814,1,3,375,26,414,43316
201105,18,2,3,Indiana,926,926,168169,8,16,1232,4,15,1221,6,76,6526,790,790,144031,5,10,962,2,8,738,3,58,5479
201105,19,2,4,Iowa,613,613,117355,6,12,1513,13,41,5537,4,25,1841,521,521,98287,5,10,1263,12,38,5216,1,8,800
201105,20,2,4,Kansas,338,338,66843,15,30,3105,1,4,380,4,44,2807,233,233,45132,2,4,410,1,4,380,2,32,2325
201105,21,3,6,Kentucky,385,385,62771,3,6,563,4,15,1251,8,83,5875,277,277,46865,2,4,425,4,15,1251,5,59,4476
201105,22,3,7,Louisiana,994,994,175120,23,46,3931,4,13,1013,24,340,42662,664,664,126116,19,38,3400,1,4,394,17,291,39388
201105,23,1,1,Maine,175,175,30401,1,2,171,0,0,0,3,56,2829,102,102,17831,0,0,0,0,0,0,2,46,2391
201105,24,3,5,Maryland,712,712,126831,4,8,1281,0,0,0,6,561,58626,577,577,100857,1,2,150,0,0,0,4,516,53838
201105,25,1,1,Massachusetts,459,459,124421,5,10,1257,2,6,695,19,390,43558,323,323,94976,3,6,875,1,3,400,5,240,28777
201105,26,2,3,Michigan,749,749,148985,1,2,194,2,7,711,3,17,1238,554,554,120019,1,2,194,1,4,473,2,12,801
201105,27,2,4,Minnesota,615,615,142920,2,4,305,2,8,640,6,76,14639,492,492,116076,1,2,135,2,8,640,4,57,12352
201105,28,3,6,Mississippi,362,362,54357,9,18,735,1,3,191,2,18,1696,255,255,38843,6,12,109,0,0,0,0,0,0
201105,29,2,4,Missouri,524,524,102278,12,24,2350,7,28,1378,10,141,13698,355,355,68573,9,18,1817,7,28,1378,1,51,7828
201105,30,4,8,Montana,143,143,26680,1,2,82,1,4,229,2,13,926,131,131,24753,1,2,82,1,4,229,1,8,816
201105,31,2,4,Nebraska,364,364,69276,2,4,463,2,6,479,7,164,10934,240,240,45705,1,2,258,0,0,0,4,106,7744
201105,32,4,8,Nevada,508,508,98532,1,2,181,0,0,0,8,88,8635,499,499,96666,1,2,181,0,0,0,8,88,8635
201105,33,1,1,New Hampshire,190,190,39182,2,4,531,1,4,302,2,49,3727,159,159,32734,2,4,531,0,0,0,0,0,0
201105,34,1,2,New Jersey,509,509,106818,17,34,5606,3,10,1184,60,615,36812,330,330,72214,10,20,4346,1,3,576,17,195,2764
201105,35,4,8,New Mexico,356,356,64241,0,0,0,1,3,422,2,23,1791,135,135,25904,0,0,0,0,0,0,0,0,0
201105,36,1,2,New York,769,769,179886,57,114,14405,16,49,4099,54,1644,153005,520,520,131784,56,112,14324,15,46,4007,27,1468,135631
201105,37,3,5,North Carolina,2193,2193,396059,28,56,4461,29,103,4905,31,603,37140,1829,1829,333530,28,56,4461,13,51,1971,28,546,32772
201105,38,2,4,North Dakota,333,333,62302,1,2,121,1,4,360,6,277,21834,312,312,60475,1,2,121,1,4,360,6,277,21834
201105,39,2,3,Ohio,904,904,187888,4,8,1238,6,21,2861,24,312,21748,699,699,149697,3,6,1037,4,15,2168,11,243,19602
201105,40,3,7,Oklahoma,537,537,87319,16,32,1598,2,8,460,14,395,29616,365,365,63009,14,28,1283,2,8,460,13,388,29215
201105,41,4,9,Oregon,430,430,95704,6,12,1733,8,32,2526,5,49,4617,377,377,84417,5,10,815,8,32,2526,4,44,4102
201105,42,1,2,Pennsylvania,1062,1062,185830,12,24,1991,9,28,2104,40,600,65222,683,683,121047,11,22,1800,8,25,1818,19,344,36390
201105,44,1,1,Rhode Island,51,51,9623,1,2,162,1,3,100,1,13,1211,39,39,7382,0,0,0,0,0,0,0,0,0
201105,45,3,5,South Carolina,1206,1206,226310,2,4,204,0,0,0,7,106,6644,920,920,177732,0,0,0,0,0,0,3,64,4133
201105,46,2,4,South Dakota,252,252,38691,3,6,820,1,4,298,7,121,7381,229,229,34401,3,6,820,1,4,298,7,121,7381
201105,47,3,6,Tennessee,936,936,186056,12,24,2228,7,28,1643,10,61,6077,839,839,172464,12,24,2228,7,28,1643,8,51,2140
201105,48,3,7,Texas,5865,5865,1075755,36,72,6149,8,26,1618,101,1451,83635,4881,4881,892836,34,68,5820,4,13,746,75,1201,65171
201105,49,4,8,Utah,770,770,200721,1,2,243,5,17,1576,10,128,11266,691,691,186432,1,2,243,4,14,1326,6,103,9571
201105,50,1,1,Vermont,93,93,15557,1,2,195,1,3,390,6,37,3476,41,41,8408,1,2,195,1,3,390,3,22,2020
201105,51,3,5,Virginia,1456,1456,266528,20,40,2190,2,8,681,14,447,18839,1303,1303,239261,20,40,2190,2,8,681,9,369,13191
201105,53,4,9,Washington,1207,1207,292907,13,26,3886,3,9,1444,47,1376,170390,990,990,242510,12,24,3591,3,9,1444,41,1297,161664
201105,54,3,5,West Virginia,114,114,17729,0,0,0,0,0,0,2,28,2333,91,91,13483,0,0,0,0,0,0,0,0,0
201105,55,2,3,Wisconsin,736,736,141864,18,36,3186,13,51,6302,39,472,31160,572,572,111891,16,32,2800,12,48,6028,15,273,20333
201105,56,4,8,Wyoming,137,137,39820,0,0,0,1,3,100,2,10,721,110,110,34699,0,0,0,1,3,100,0,0,0
201105,US,0,0,United States,39215,39215,7995111,433,866,99343,258,886,82822,862,15305,1433004,31389,31389,6542367,366,732,85374,177,634,63891,549,12359,1184238
201105,R1,1,0,Northeast Region,3493,3493,743336,96,192,24319,33,103,8876,191,3447,312767,2332,2332,522732,83,166,22071,26,80,7190,74,2321,208324
201105,R2,2,0,Midwest Region,7080,7080,1418487,90,180,20803,53,192,20543,149,2193,181342,5553,5553,1130951,63,126,15633,44,164,18053,82,1652,149797
201105,R3,3,0,South Region,20422,20422,3843122,180,360,29403,102,347,24610,322,5489,391785,16714,16714,3203529,159,318,25329,44,167,12119,239,4651,322416
201105,R4,4,0,West Region,8220,8220,1990166,67,134,24818,70,244,28793,200,4176,547110,6790,6790,1685155,61,122,22341,63,223,26529,154,3735,503701
201105,D1,1,1,New England Division,1153,1153,270803,10,20,2316,5,16,1488,37,588,57727,799,799,197687,6,12,1601,2,6,790,11,314,33538
201105,D2,1,2,Middle Atlantic Division,2340,2340,472533,86,172,22003,28,87,7388,154,2859,255040,1533,1533,325045,77,154,20470,24,74,6400,63,2007,174786
201105,D3,2,3,East North Central Divisi,4041,4041,818822,49,98,12127,26,97,11470,105,1345,108207,3171,3171,662303,41,82,10808,20,78,9781,57,1000,89532
201105,D4,2,4,West North Central Divisi,3039,3039,599665,41,82,8676,27,95,9073,44,848,73135,2382,2382,468648,22,44,4825,24,86,8272,25,652,60265
201105,D5,3,5,South Atlantic Division,10240,10240,2022389,72,144,12560,72,238,17183,127,2517,191667,8659,8659,1727259,64,128,10691,23,87,6676,88,2071,153781
201105,D6,3,6,East South Central Divisi,2401,2401,419785,26,52,3871,12,46,3085,22,191,15763,1793,1793,336676,21,42,2842,11,43,2894,13,110,6616
201105,D7,3,7,West South Central Divisi,7781,7781,1400948,82,164,12972,18,63,4342,173,2781,184355,6262,6262,1139594,74,148,11796,10,37,2549,138,2470,162019
201105,D8,4,8,Mountain Division,4108,4108,954004,12,24,3223,20,75,7289,33,415,33994,3460,3460,833374,10,20,2757,18,69,6617,20,322,27818
201105,D9,4,9,Pacific Division,4112,4112,1036162,55,110,21595,50,169,21504,167,3761,513116,3330,3330,851781,51,102,19584,45,154,19912,134,3413,475883
