Survey,FIPS,Region,Division,State,,1-unit,,,2-units,,,3-4 units,,,5+ units,,,1-unit rep,,,2-units rep,,,3-4 units rep       ,,,5+ units rep
Date,State,Code,Code,Name,Bldgs,Units,Value,Bldgs,Units,Value,Bldgs,Units,Value,      Bldgs,Units,Value,Bldgs,Units,Value,Bldgs,Units,Value,      Bldgs,Units,Value,Bldgs,Units,Value
 
201110,01,3,6,Alabama,602,602,119324,1,2,266,0,0,0,15,349,18903,503,503,103773,0,0,0,0,0,0,13,314,16241
201110,02,4,9,Alaska,42,42,10904,1,2,331,0,0,0,1,6,550,29,29,8061,1,2,331,0,0,0,1,6,550
201110,04,4,8,Arizona,789,789,178381,0,0,0,6,19,2383,5,135,14679,636,636,146318,0,0,0,6,19,2383,3,114,12717
201110,05,3,7,Arkansas,301,301,53420,10,20,1812,8,32,1973,5,158,12270,273,273,45975,10,20,1812,8,32,1973,5,158,12270
201110,06,4,9,California,1920,1920,497654,21,42,7504,11,35,6318,39,1138,211144,1591,1591,418646,19,38,7128,9,29,5748,24,978,191742
201110,08,4,8,Colorado,695,695,193950,16,32,5150,1,3,401,18,614,56771,631,631,178978,16,32,5150,1,3,401,17,608,56598
201110,09,1,1,Connecticut,148,148,41737,2,4,423,0,0,0,4,35,2998,98,98,26319,2,4,423,0,0,0,1,16,1389
201110,10,3,5,Delaware,190,190,24368,5,10,712,0,0,0,4,23,2363,142,142,18203,5,10,712,0,0,0,2,13,1968
201110,11,3,5,District of Columbia,5,5,1628,0,0,0,0,0,0,2,235,42504,5,5,1628,0,0,0,0,0,0,2,235,42504
201110,12,3,5,Florida,2665,2665,651239,15,30,2745,39,122,12245,39,601,58546,2379,2379,565720,9,18,2102,7,25,3773,19,425,39309
201110,13,3,5,Georgia,1118,1118,199482,8,16,2828,2,6,662,24,520,24390,812,812,153913,7,14,2678,1,3,526,19,459,20365
201110,15,4,9,Hawaii,132,132,43334,1,2,260,0,0,0,4,44,2596,75,75,24574,1,2,260,0,0,0,0,0,0
201110,16,4,8,Idaho,328,328,60855,0,0,0,0,0,0,2,14,1269,281,281,53836,0,0,0,0,0,0,1,6,650
201110,17,2,3,Illinois,734,734,169688,9,18,2338,6,22,2112,27,740,48057,546,546,128251,5,10,1459,5,19,1917,14,622,37720
201110,18,2,3,Indiana,750,750,150680,11,22,1549,4,13,645,8,71,3171,635,635,132481,9,18,1310,1,4,291,6,61,2596
201110,19,2,4,Iowa,536,536,98555,7,14,1772,1,3,299,5,104,8874,455,455,81314,3,6,751,0,0,0,3,86,7709
201110,20,2,4,Kansas,254,254,55879,18,36,5208,0,0,0,5,56,3656,176,176,38022,16,32,4649,0,0,0,3,38,2290
201110,21,3,6,Kentucky,369,369,63312,15,30,1740,5,18,1285,11,222,7889,260,260,42457,14,28,1610,4,15,950,8,192,6300
201110,22,3,7,Louisiana,726,726,133167,12,24,1556,3,10,557,9,182,9974,480,480,97379,10,20,1190,2,6,380,3,132,6800
201110,23,1,1,Maine,184,184,32237,1,2,139,0,0,0,3,41,5885,100,100,18364,0,0,0,0,0,0,2,36,5666
201110,24,3,5,Maryland,662,662,125236,3,6,894,0,0,0,4,107,10188,495,495,92717,0,0,0,0,0,0,1,41,3209
201110,25,1,1,Massachusetts,465,465,131359,8,16,2130,7,24,4228,18,321,35412,335,335,102307,6,12,1430,5,18,3577,3,214,25452
201110,26,2,3,Michigan,767,767,143989,5,10,1369,10,30,3077,7,39,2867,569,569,110348,3,6,774,0,0,0,2,10,535
201110,27,2,4,Minnesota,585,585,130222,3,6,737,3,11,925,9,233,31621,455,455,105512,1,2,348,2,8,475,6,204,28205
201110,28,3,6,Mississippi,282,282,50976,3,6,518,1,3,191,2,24,2296,180,180,35404,0,0,0,0,0,0,0,0,0
201110,29,2,4,Missouri,485,485,91017,16,32,3102,3,12,1308,7,82,5778,352,352,63752,10,20,2132,3,12,1308,0,0,0
201110,30,4,8,Montana,132,132,23623,2,4,449,3,10,324,12,210,11279,120,120,21624,1,2,184,3,10,324,11,205,11170
201110,31,2,4,Nebraska,334,334,61251,5,10,1008,1,4,480,5,85,4465,251,251,44429,3,6,703,0,0,0,1,8,240
201110,32,4,8,Nevada,283,283,50021,3,6,431,0,0,0,0,0,0,282,282,49862,3,6,431,0,0,0,0,0,0
201110,33,1,1,New Hampshire,141,141,34019,2,4,596,1,4,302,0,0,0,110,110,27086,2,4,596,0,0,0,0,0,0
201110,34,1,2,New Jersey,544,544,124289,24,48,6175,3,9,1152,50,457,31833,340,340,82438,19,38,5070,2,6,497,20,208,11610
201110,35,4,8,New Mexico,252,252,49293,11,22,2651,3,11,1082,2,25,1825,160,160,33473,11,22,2651,2,8,660,0,0,0
201110,36,1,2,New York,791,791,167950,25,50,5430,18,68,8877,47,707,64268,557,557,130628,23,46,5182,18,68,8877,18,543,49299
201110,37,3,5,North Carolina,1873,1873,339282,4,8,677,26,103,6795,29,485,22059,1511,1511,273382,4,8,677,21,83,4994,21,374,13623
201110,38,2,4,North Dakota,266,266,47880,0,0,0,1,3,270,9,266,16092,185,185,36070,0,0,0,0,0,0,8,260,15662
201110,39,2,3,Ohio,808,808,171511,2,4,357,91,358,27624,62,626,49584,657,657,145232,0,0,0,88,348,26459,38,504,45744
201110,40,3,7,Oklahoma,433,433,82298,3,6,452,0,0,0,9,136,10182,268,268,58678,1,2,120,0,0,0,8,128,9723
201110,41,4,9,Oregon,413,413,98247,3,6,788,1,3,300,20,388,38208,377,377,90526,3,6,788,1,3,300,19,383,37730
201110,42,1,2,Pennsylvania,1045,1045,192223,28,56,5262,7,23,2987,18,256,22185,692,692,129966,16,32,2515,4,14,2147,6,186,16858
201110,44,1,1,Rhode Island,46,46,10998,1,2,162,1,3,80,1,5,271,33,33,9016,0,0,0,0,0,0,0,0,0
201110,45,3,5,South Carolina,970,970,196475,7,14,315,0,0,0,18,639,31597,700,700,149837,6,12,213,0,0,0,13,576,27098
201110,46,2,4,South Dakota,198,198,32065,1,2,166,1,4,298,8,64,4540,159,159,24042,1,2,166,1,4,298,8,64,4540
201110,47,3,6,Tennessee,824,824,146318,4,8,564,3,11,763,9,65,7870,703,703,129608,3,6,442,3,11,763,6,45,3326
201110,48,3,7,Texas,4871,4871,979626,40,80,5470,11,40,1825,153,3183,206665,4228,4228,865368,38,76,5276,6,24,871,137,2932,189552
201110,49,4,8,Utah,578,578,122115,4,8,1165,5,18,1758,21,339,23271,498,498,105536,3,6,907,3,11,949,14,255,15730
201110,50,1,1,Vermont,71,71,12791,2,4,440,0,0,0,1,5,478,38,38,7998,2,4,440,0,0,0,0,0,0
201110,51,3,5,Virginia,1201,1201,225240,4,8,909,1,4,220,9,146,10927,1118,1118,209823,4,8,909,1,4,220,7,125,9428
201110,53,4,9,Washington,963,963,231010,16,32,4639,4,15,1890,12,327,25607,705,705,169059,16,32,4639,4,15,1890,6,252,16282
201110,54,3,5,West Virginia,112,112,19770,0,0,0,0,0,0,3,25,1284,101,101,18170,0,0,0,0,0,0,1,15,830
201110,55,2,3,Wisconsin,645,645,130555,23,46,3931,2,8,777,44,459,24928,467,467,96069,20,40,3442,2,8,777,21,267,13878
201110,56,4,8,Wyoming,95,95,22204,0,0,0,1,3,350,1,5,428,90,90,21112,0,0,0,1,3,350,0,0,0
201110,US,0,0,United States,33623,33623,7023649,405,810,87118,294,1065,96762,820,14997,1234493,26843,26843,5723284,326,652,71599,214,813,74076,521,12298,1015105
201110,R1,1,0,Northeast Region,3435,3435,747603,93,186,20758,37,131,17626,142,1827,163331,2303,2303,534122,70,140,15655,29,106,15097,50,1203,110274
201110,R2,2,0,Midwest Region,6362,6362,1283293,100,200,21538,123,468,37814,196,2825,203630,4907,4907,1005523,71,142,15735,102,403,31525,110,2124,159118
201110,R3,3,0,South Region,17204,17204,3411162,134,268,21456,99,349,26516,345,7100,479906,14158,14158,2862034,111,222,17740,53,203,14449,265,6164,402545
201110,R4,4,0,West Region,6622,6622,1581591,78,156,23366,35,117,14806,137,3245,387626,5475,5475,1321605,74,148,22469,30,101,13005,96,2807,343168
201110,D1,1,1,New England Division,1055,1055,263142,16,32,3890,9,31,4610,27,407,45045,714,714,191090,12,24,2888,5,18,3577,6,266,32507
201110,D2,1,2,Middle Atlantic Division,2380,2380,484461,77,154,16868,28,100,13016,115,1420,118286,1589,1589,343032,58,116,12767,24,88,11520,44,937,77767
201110,D3,2,3,East North Central Divisi,3704,3704,766424,50,100,9544,113,431,34235,148,1935,128606,2874,2874,612381,37,74,6985,96,379,29444,81,1464,100472
201110,D4,2,4,West North Central Divisi,2658,2658,516869,50,100,11994,10,37,3579,48,890,75024,2033,2033,393142,34,68,8750,6,24,2081,29,660,58646
201110,D5,3,5,South Atlantic Division,8796,8796,1782720,46,92,9080,68,235,19922,132,2781,203857,7263,7263,1483392,35,70,7291,30,115,9512,85,2263,158333
201110,D6,3,6,East South Central Divisi,2077,2077,379931,23,46,3087,9,32,2239,37,660,36959,1646,1646,311241,17,34,2052,7,26,1713,27,551,25867
201110,D7,3,7,West South Central Divisi,6331,6331,1248511,65,130,9289,22,82,4355,176,3659,239090,5249,5249,1067401,59,118,8397,16,62,3224,153,3350,218345
201110,D8,4,8,Mountain Division,3152,3152,700443,36,72,9845,19,64,6299,61,1342,109522,2698,2698,610739,34,68,9323,16,54,5068,46,1188,96864
201110,D9,4,9,Pacific Division,3470,3470,881148,42,84,13521,16,53,8507,76,1903,278104,2777,2777,710866,40,80,13146,14,47,7937,50,1619,246304
