Survey,FIPS,Region,Division,State,,1-unit,,,2-units,,,3-4 units,,,5+ units,,,1-unit rep,,,2-units rep,,,3-4 units rep       ,,,5+ units rep
Date,State,Code,Code,Name,Bldgs,Units,Value,Bldgs,Units,Value,Bldgs,Units,Value,      Bldgs,Units,Value,Bldgs,Units,Value,Bldgs,Units,Value,      Bldgs,Units,Value,Bldgs,Units,Value
 
201204,01,3,6,Alabama,718,718,135247,5,10,599,1,4,153,5,44,3046,511,511,113397,4,8,333,1,4,153,0,0,0
201204,02,4,9,Alaska,94,94,23977,2,4,593,1,3,358,0,0,0,78,78,20592,2,4,593,1,3,358,0,0,0
201204,04,4,8,Arizona,1575,1575,383481,4,8,697,2,6,857,9,116,9498,1436,1436,352704,2,4,519,2,6,857,6,72,4293
201204,05,3,7,Arkansas,411,411,76348,8,16,955,3,11,645,0,0,0,366,366,66237,6,12,580,3,11,645,0,0,0
201204,06,4,9,California,1981,1981,578764,51,102,17464,14,45,9555,83,1186,161227,1672,1672,490046,50,100,16776,10,32,6206,69,1026,137530
201204,08,4,8,Colorado,1070,1070,317783,10,20,3291,1,4,349,16,884,68091,991,991,297895,10,20,3291,1,4,349,15,875,67831
201204,09,1,1,Connecticut,188,188,53731,3,6,799,0,0,0,6,55,3822,163,163,41522,3,6,799,0,0,0,3,25,1659
201204,10,3,5,Delaware,241,241,30147,9,18,1588,1,4,349,7,89,3338,183,183,22386,9,18,1588,1,4,349,5,77,2676
201204,11,3,5,District of Columbia,35,35,3356,0,0,0,0,0,0,0,0,0,35,35,3356,0,0,0,0,0,0,0,0,0
201204,12,3,5,Florida,3120,3120,788306,25,50,3194,8,27,3300,57,1347,138794,2853,2853,708674,19,38,2269,7,24,2766,50,1261,130520
201204,13,3,5,Georgia,1493,1493,272942,2,4,286,2,7,311,29,714,57737,1133,1133,218318,0,0,0,1,4,175,25,673,55420
201204,15,4,9,Hawaii,152,152,49140,0,0,0,0,0,0,7,238,28799,93,93,34171,0,0,0,0,0,0,6,228,25500
201204,16,4,8,Idaho,529,529,99314,2,4,381,14,55,3628,5,66,3686,495,495,93245,2,4,381,13,52,3417,4,53,2677
201204,17,2,3,Illinois,729,729,169893,24,48,6661,7,23,3001,9,155,21815,558,558,133507,23,46,6370,6,20,2672,4,115,18379
201204,18,2,3,Indiana,974,974,199333,14,28,2764,6,22,2297,26,315,21576,894,894,187578,13,26,2641,6,22,2297,22,287,19844
201204,19,2,4,Iowa,693,693,140192,13,26,2326,4,14,1212,4,82,9348,587,587,123910,13,26,2326,4,14,1212,3,77,8987
201204,20,2,4,Kansas,320,320,71318,4,8,907,4,14,1057,25,309,21548,198,198,43179,1,2,157,2,8,396,20,240,15600
201204,21,3,6,Kentucky,413,413,72608,20,40,2302,2,7,453,7,58,2882,260,260,50608,12,24,985,2,7,453,4,28,1324
201204,22,3,7,Louisiana,949,949,176290,34,68,9529,1,3,496,8,64,5283,542,542,112296,33,66,9358,0,0,0,1,10,1912
201204,23,1,1,Maine,228,228,38233,1,2,200,1,3,210,2,17,731,102,102,17078,1,2,200,1,3,210,1,6,250
201204,24,3,5,Maryland,751,751,154212,4,8,933,0,0,0,7,166,14188,553,553,111711,0,0,0,0,0,0,3,42,3150
201204,25,1,1,Massachusetts,406,406,110264,9,18,1780,2,6,820,20,596,98074,276,276,80772,7,14,1235,1,3,245,7,487,88198
201204,26,2,3,Michigan,936,936,184413,3,6,821,2,8,994,5,46,2816,631,631,130617,3,6,821,2,8,994,2,10,523
201204,27,2,4,Minnesota,763,763,178370,2,4,544,1,3,255,11,303,38755,640,640,156756,1,2,325,0,0,0,5,259,34491
201204,28,3,6,Mississippi,363,363,56878,4,8,762,13,49,2479,3,35,3057,242,242,40858,1,2,250,9,36,1836,0,0,0
201204,29,2,4,Missouri,556,556,117937,14,28,2208,4,15,1590,5,128,7860,450,450,93022,11,22,1816,3,12,1340,1,70,4865
201204,30,4,8,Montana,204,204,37877,2,4,499,5,20,1216,8,95,6736,184,184,34105,1,2,121,3,12,625,7,90,6626
201204,31,2,4,Nebraska,383,383,72104,0,0,0,0,0,0,3,63,2586,212,212,37158,0,0,0,0,0,0,0,0,0
201204,32,4,8,Nevada,750,750,111605,0,0,0,0,0,0,2,17,636,736,736,107247,0,0,0,0,0,0,1,12,111
201204,33,1,1,New Hampshire,179,179,36397,6,12,692,2,7,663,1,5,334,124,124,25518,1,2,300,2,7,663,0,0,0
201204,34,1,2,New Jersey,692,692,134663,22,44,5975,7,26,2159,45,782,59136,446,446,86251,18,36,5383,5,20,1939,10,475,37053
201204,35,4,8,New Mexico,315,315,57633,6,12,1474,2,6,719,2,20,1557,141,141,27552,5,10,1190,2,6,719,0,0,0
201204,36,1,2,New York,825,825,198901,29,58,6664,8,25,2657,67,1498,153711,534,534,144509,28,56,6551,7,22,2245,36,1187,125452
201204,37,3,5,North Carolina,2207,2207,392195,3,6,553,20,71,3614,40,801,49862,1821,1821,320799,3,6,553,20,71,3614,37,747,46643
201204,38,2,4,North Dakota,365,365,69592,10,20,919,2,8,700,11,241,18834,258,258,53353,10,20,919,2,8,700,10,236,18447
201204,39,2,3,Ohio,947,947,204064,6,12,1173,9,32,3514,26,460,27239,798,798,177586,6,12,1173,8,29,3206,14,399,25393
201204,40,3,7,Oklahoma,820,820,133109,4,8,705,3,10,542,4,34,2624,609,609,103084,2,4,340,2,6,253,2,16,1350
201204,41,4,9,Oregon,533,533,125697,11,22,2885,14,53,6781,19,329,21994,443,443,105988,10,20,2639,14,53,6781,18,302,19346
201204,42,1,2,Pennsylvania,1350,1350,240834,23,46,4062,10,35,3481,12,348,27091,962,962,170417,22,44,3840,8,29,2734,6,302,23280
201204,44,1,1,Rhode Island,57,57,11303,2,4,398,0,0,0,0,0,0,46,46,9035,0,0,0,0,0,0,0,0,0
201204,45,3,5,South Carolina,1294,1294,253092,3,6,306,0,0,0,13,149,7993,912,912,191037,0,0,0,0,0,0,7,78,3572
201204,46,2,4,South Dakota,370,370,66519,2,4,305,6,23,2127,5,28,904,344,344,61793,2,4,305,6,23,2127,4,23,667
201204,47,3,6,Tennessee,1148,1148,200934,6,12,1040,8,29,1688,13,189,13548,998,998,177876,6,12,1040,7,26,1580,11,178,12354
201204,48,3,7,Texas,6915,6915,1372849,53,106,8402,12,46,2176,153,3111,200790,5720,5720,1161517,48,96,8004,10,40,1790,127,2877,186019
201204,49,4,8,Utah,887,887,194285,6,12,1799,1,3,250,8,51,4521,767,767,169431,5,10,1600,0,0,0,2,12,1364
201204,50,1,1,Vermont,116,116,25161,4,8,719,0,0,0,1,5,317,80,80,18157,3,6,523,0,0,0,0,0,0
201204,51,3,5,Virginia,1365,1365,284930,13,26,2243,1,4,1344,32,623,43977,1217,1217,255543,13,26,2243,0,0,0,27,540,34726
201204,53,4,9,Washington,1406,1406,356138,2,4,1152,4,13,2891,24,636,80500,1146,1146,292457,2,4,1152,3,10,2097,21,600,77044
201204,54,3,5,West Virginia,183,183,29179,10,20,800,0,0,0,1,5,204,155,155,24008,10,20,800,0,0,0,0,0,0
201204,55,2,3,Wisconsin,758,758,151748,10,20,1569,5,20,1397,23,282,35366,525,525,105393,8,16,1269,5,20,1397,10,184,28773
201204,56,4,8,Wyoming,140,140,34612,4,8,585,1,3,268,1,5,428,117,117,30709,4,8,585,0,0,0,0,0,0
201204,US,0,0,United States,43897,43897,9277898,504,1008,106499,214,767,72555,870,16790,1486860,35237,35237,7634958,433,866,94144,180,659,59400,606,14179,1273846
201204,R1,1,0,Northeast Region,4041,4041,849487,99,198,21289,30,102,9990,154,3306,343216,2733,2733,593259,83,166,18831,24,84,8036,63,2482,275892
201204,R2,2,0,Midwest Region,7794,7794,1625483,102,204,20195,50,182,18143,153,2412,208648,6095,6095,1303853,91,182,18122,44,164,16341,95,1900,175967
201204,R3,3,0,South Region,22426,22426,4432622,203,406,34197,75,272,17550,379,7429,547323,18110,18110,3681704,166,332,28344,63,233,13613,299,6527,479665
201204,R4,4,0,West Region,9636,9636,2370306,100,200,30818,59,211,26872,184,3643,387673,8299,8299,2056142,93,186,28847,49,178,21410,149,3270,342322
201204,D1,1,1,New England Division,1174,1174,275089,25,50,4587,5,16,1693,30,678,103278,791,791,192082,15,30,3057,4,13,1117,11,518,90107
201204,D2,1,2,Middle Atlantic Division,2867,2867,574398,74,148,16702,25,86,8297,124,2628,239938,1942,1942,401177,68,136,15774,20,71,6919,52,1964,185785
201204,D3,2,3,East North Central Divisi,4344,4344,909451,57,114,12987,29,105,11203,89,1258,108812,3406,3406,734681,53,106,12274,27,99,10567,52,995,92910
201204,D4,2,4,West North Central Divisi,3450,3450,716032,45,90,7208,21,77,6940,64,1154,99836,2689,2689,569172,38,76,5848,17,65,5774,43,905,83057
201204,D5,3,5,South Atlantic Division,10689,10689,2208359,69,138,9903,32,113,8918,186,3894,316093,8862,8862,1855831,54,108,7454,29,103,6903,154,3418,276707
201204,D6,3,6,East South Central Divisi,2642,2642,465667,35,70,4703,24,89,4773,28,326,22533,2011,2011,382739,23,46,2608,19,73,4022,15,206,13677
201204,D7,3,7,West South Central Divisi,9095,9095,1758596,99,198,19591,19,70,3859,165,3209,208697,7237,7237,1443134,89,178,18282,15,57,2688,130,2903,189281
201204,D8,4,8,Mountain Division,5470,5470,1236590,34,68,8724,26,97,7287,51,1254,95153,4867,4867,1112888,29,58,7687,21,80,5968,35,1114,82902
201204,D9,4,9,Pacific Division,4166,4166,1133716,66,132,22094,33,114,19585,133,2389,292520,3432,3432,943254,64,128,21160,28,98,15442,114,2156,259420
