Survey,FIPS,Region,Division,State,,1-unit,,,2-units,,,3-4 units,,,5+ units,,,1-unit rep,,,2-units rep,,,3-4 units rep       ,,,5+ units rep
Date,State,Code,Code,Name,Bldgs,Units,Value,Bldgs,Units,Value,Bldgs,Units,Value,      Bldgs,Units,Value,Bldgs,Units,Value,Bldgs,Units,Value,      Bldgs,Units,Value,Bldgs,Units,Value
 
201205,01,3,6,Alabama,773,773,139683,1,2,266,0,0,0,19,383,18281,558,558,117074,0,0,0,0,0,0,14,315,13570
201205,02,4,9,Alaska,89,89,23271,3,6,913,0,0,0,1,11,1883,27,27,6300,2,4,523,0,0,0,0,0,0
201205,04,4,8,Arizona,1733,1733,401674,3,6,604,14,52,6152,5,154,13602,1485,1485,350554,2,4,515,14,52,6152,0,0,0
201205,05,3,7,Arkansas,533,533,93368,11,22,1350,6,23,1120,2,16,200,524,524,91880,10,20,1245,6,23,1120,2,16,200
201205,06,4,9,California,2565,2565,764112,24,48,9713,30,107,16990,100,2985,449970,2086,2086,637269,21,42,8421,25,90,13359,83,2776,426114
201205,08,4,8,Colorado,1262,1262,382411,6,12,1613,1,3,343,9,636,44787,1186,1186,364466,6,12,1613,1,3,343,6,617,43080
201205,09,1,1,Connecticut,206,206,61963,12,24,3749,2,6,1842,5,122,18081,152,152,43098,12,24,3749,2,6,1842,1,90,15734
201205,10,3,5,Delaware,269,269,34759,4,8,435,0,0,0,3,25,1945,152,152,21713,4,8,435,0,0,0,0,0,0
201205,11,3,5,District of Columbia,46,46,9099,8,16,1392,0,0,0,3,550,92265,46,46,9099,8,16,1392,0,0,0,3,550,92265
201205,12,3,5,Florida,3745,3745,960174,32,64,7178,13,46,6860,72,1421,163449,3457,3457,869937,26,52,6318,11,39,5698,51,1270,147708
201205,13,3,5,Georgia,1518,1518,295626,2,4,286,1,3,136,9,195,10841,1220,1220,251236,0,0,0,0,0,0,5,114,6095
201205,15,4,9,Hawaii,166,166,52666,0,0,0,0,0,0,1,10,3299,88,88,30114,0,0,0,0,0,0,0,0,0
201205,16,4,8,Idaho,595,595,116263,21,42,5135,13,52,3488,4,52,3645,549,549,108899,21,42,5135,13,52,3488,2,32,1592
201205,17,2,3,Illinois,960,960,214908,20,40,6724,12,41,5727,7,125,12976,731,731,166846,18,36,6202,10,35,4870,3,85,9775
201205,18,2,3,Indiana,1129,1129,218890,16,32,3226,0,0,0,14,209,14174,967,967,193588,10,20,2075,0,0,0,10,156,10579
201205,19,2,4,Iowa,745,745,151205,10,20,1910,6,24,1318,17,364,48088,555,555,121426,7,14,1448,5,20,1069,14,349,47206
201205,20,2,4,Kansas,336,336,76735,14,28,2100,10,30,1817,4,102,8519,236,236,52308,13,26,1761,9,27,1622,2,66,5488
201205,21,3,6,Kentucky,561,561,91582,17,34,2748,21,63,5090,3,15,1206,461,461,76169,14,28,2270,21,63,5090,0,0,0
201205,22,3,7,Louisiana,982,982,171762,10,20,2043,1,3,496,9,89,7757,621,621,113891,8,16,1677,0,0,0,1,8,2099
201205,23,1,1,Maine,236,236,39240,5,10,675,1,4,540,5,37,1370,114,114,20500,4,8,550,1,4,540,4,29,1020
201205,24,3,5,Maryland,885,885,166323,4,8,730,0,0,0,7,254,21933,669,669,119569,1,2,30,0,0,0,2,37,2610
201205,25,1,1,Massachusetts,490,490,140230,9,18,2009,7,22,3761,16,542,55973,367,367,110341,7,14,1616,6,19,3185,5,474,50344
201205,26,2,3,Michigan,1109,1109,228975,3,6,907,8,31,5169,10,230,21159,755,755,163572,3,6,907,7,28,4682,6,185,18262
201205,27,2,4,Minnesota,863,863,201498,1,2,219,0,0,0,11,191,22067,697,697,172066,0,0,0,0,0,0,6,144,17540
201205,28,3,6,Mississippi,472,472,71680,5,10,748,5,16,779,10,145,11423,287,287,44929,1,2,103,1,4,173,6,89,6319
201205,29,2,4,Missouri,745,745,143411,13,26,3396,2,7,965,18,245,17076,580,580,110065,8,16,2639,1,4,688,13,177,13232
201205,30,4,8,Montana,168,168,31653,6,12,1410,3,11,2020,1,6,238,156,156,29748,5,10,1145,3,11,2020,1,6,238
201205,31,2,4,Nebraska,494,494,97160,3,6,578,0,0,0,6,177,8969,321,321,62114,2,4,387,0,0,0,4,110,6388
201205,32,4,8,Nevada,782,782,132128,0,0,0,0,0,0,1,10,1300,768,768,127455,0,0,0,0,0,0,1,10,1300
201205,33,1,1,New Hampshire,248,248,46419,15,30,3768,3,11,1883,0,0,0,182,182,33177,9,18,3298,3,11,1883,0,0,0
201205,34,1,2,New Jersey,672,672,140961,18,36,3737,3,9,572,39,562,55791,405,405,87752,12,24,2484,2,6,219,12,320,32279
201205,35,4,8,New Mexico,390,390,70338,0,0,0,3,11,1082,2,30,2335,105,105,21547,0,0,0,2,8,660,0,0,0
201205,36,1,2,New York,970,970,220650,33,66,7318,17,55,6753,61,1144,122247,662,662,163771,30,60,6670,15,48,5213,28,876,99099
201205,37,3,5,North Carolina,2646,2646,501249,10,20,1604,13,51,5034,106,2424,168736,2224,2224,419323,9,18,1386,13,51,5034,102,2370,163679
201205,38,2,4,North Dakota,426,426,79586,8,16,1328,1,3,363,9,147,5990,299,299,60756,8,16,1328,0,0,0,8,142,5603
201205,39,2,3,Ohio,1063,1063,223569,4,8,1007,6,22,1927,29,550,42627,862,862,183547,4,8,1007,4,16,1409,15,439,38566
201205,40,3,7,Oklahoma,689,689,121591,14,28,1505,1,4,289,47,767,31182,471,471,90138,13,26,1340,0,0,0,44,730,28363
201205,41,4,9,Oregon,691,691,161372,7,14,2195,8,31,2530,25,487,37857,601,601,143676,6,12,2001,7,28,2271,23,477,36861
201205,42,1,2,Pennsylvania,1390,1390,272606,17,34,2137,7,25,3056,9,90,6080,986,986,193299,17,34,2137,6,22,2640,6,74,4655
201205,44,1,1,Rhode Island,58,58,10404,2,4,317,0,0,0,0,0,0,37,37,6216,0,0,0,0,0,0,0,0,0
201205,45,3,5,South Carolina,1295,1295,255243,15,30,2008,0,0,0,26,1007,58065,894,894,197463,13,26,1804,0,0,0,19,885,50217
201205,46,2,4,South Dakota,313,313,55701,2,4,381,1,4,160,3,17,963,276,276,49369,2,4,381,1,4,160,2,12,726
201205,47,3,6,Tennessee,1191,1191,216577,5,10,830,8,31,1344,21,490,35884,1021,1021,189692,4,8,739,6,24,1080,18,474,34737
201205,48,3,7,Texas,7496,7496,1519670,74,148,21575,14,51,2755,152,4247,370952,6763,6763,1374160,68,136,20806,11,42,2219,102,3393,311314
201205,49,4,8,Utah,996,996,218751,3,6,791,5,18,2119,10,181,13398,854,854,189790,2,4,476,4,15,1869,4,117,7957
201205,50,1,1,Vermont,129,129,26265,3,6,640,1,3,517,2,15,1131,87,87,18039,2,4,490,0,0,0,0,0,0
201205,51,3,5,Virginia,1594,1594,312941,8,16,1857,2,6,289,33,927,50618,1440,1440,281156,8,16,1857,2,6,289,28,877,48691
201205,53,4,9,Washington,1668,1668,423716,13,26,3939,8,24,4131,15,891,96702,1231,1231,311498,13,26,3939,7,21,3337,11,790,87218
201205,54,3,5,West Virginia,191,191,32458,0,0,0,0,0,0,3,17,1033,163,163,26888,0,0,0,0,0,0,2,12,690
201205,55,2,3,Wisconsin,878,878,182345,24,48,4287,1,4,400,34,495,35376,599,599,125085,22,44,3877,1,4,400,11,278,22588
201205,56,4,8,Wyoming,170,170,52945,1,2,326,0,0,0,2,12,1084,128,128,45540,0,0,0,0,0,0,0,0,0
201205,US,0,0,United States,49621,49621,10657810,539,1078,123605,258,907,99817,1000,23801,2214528,40105,40105,8798107,455,910,108172,220,786,84623,680,19971,1912000
201205,R1,1,0,Northeast Region,4399,4399,958738,114,228,24351,41,135,18923,137,2512,260672,2992,2992,676193,93,186,20995,35,116,15522,56,1863,203131
201205,R2,2,0,Midwest Region,9061,9061,1873983,118,236,26063,47,166,17847,162,2852,237985,6878,6878,1460742,97,194,22011,38,138,14900,94,2143,195953
201205,R3,3,0,South Region,24886,24886,4993787,220,440,46553,85,297,24191,525,12972,1045770,20971,20971,4294316,187,374,41401,71,252,20702,399,11140,908555
201205,R4,4,0,West Region,11275,11275,2831302,87,174,26638,85,309,38856,176,5465,670101,9264,9264,2366856,78,156,23765,76,280,33499,131,4825,604361
201205,D1,1,1,New England Division,1367,1367,324521,46,92,11159,14,46,8542,28,716,76555,939,939,231371,34,68,9703,12,40,7450,10,593,67098
201205,D2,1,2,Middle Atlantic Division,3032,3032,634217,68,136,13192,27,89,10381,109,1796,184117,2053,2053,444822,59,118,11292,23,76,8072,46,1270,136033
201205,D3,2,3,East North Central Divisi,5139,5139,1068687,67,134,16151,27,98,13223,94,1609,126313,3914,3914,832638,57,114,14067,22,83,11361,45,1143,99769
201205,D4,2,4,West North Central Divisi,3922,3922,805296,51,102,9912,20,68,4624,68,1243,111672,2964,2964,628104,40,80,7944,16,55,3539,49,1000,96184
201205,D5,3,5,South Atlantic Division,12189,12189,2567872,83,166,15488,29,106,12319,262,6820,568886,10265,10265,2196383,69,138,13222,26,96,11020,212,6115,511954
201205,D6,3,6,East South Central Divisi,2997,2997,519523,28,56,4592,34,110,7213,53,1033,66794,2327,2327,427864,19,38,3111,28,91,6343,38,878,54626
201205,D7,3,7,West South Central Divisi,9700,9700,1906392,109,218,26473,22,81,4659,210,5119,410090,8379,8379,1670069,99,198,25068,17,65,3339,149,4147,341975
201205,D8,4,8,Mountain Division,6096,6096,1406164,40,80,9878,39,147,15204,34,1081,80391,5231,5231,1237999,36,72,8882,37,141,14532,14,782,54168
201205,D9,4,9,Pacific Division,5179,5179,1425138,47,94,16760,46,162,23652,142,4384,589710,4033,4033,1128857,42,84,14883,39,139,18967,117,4043,550193
