Survey,FIPS,Region,Division,State,,1-unit,,,2-units,,,3-4 units,,,5+ units,,,1-unit rep,,,2-units rep,,,3-4 units rep       ,,,5+ units rep
Date,State,Code,Code,Name,Bldgs,Units,Value,Bldgs,Units,Value,Bldgs,Units,Value,      Bldgs,Units,Value,Bldgs,Units,Value,Bldgs,Units,Value,      Bldgs,Units,Value,Bldgs,Units,Value
 
201211,01,3,6,Alabama,581,581,111674,1,2,266,0,0,0,7,345,20175,471,471,86929,0,0,0,0,0,0,3,282,15857
201211,02,4,9,Alaska,58,58,15292,2,4,362,0,0,0,1,6,635,41,41,11748,1,2,100,0,0,0,1,6,635
201211,04,4,8,Arizona,1194,1194,310688,25,50,3856,1,3,299,22,232,24870,1014,1014,273766,23,46,3679,0,0,0,15,145,14652
201211,05,3,7,Arkansas,388,388,70218,9,18,2083,1,3,135,1,8,349,356,356,64167,9,18,2083,1,3,135,1,8,349
201211,06,4,9,California,2244,2244,594741,102,204,28657,21,72,14863,94,1497,216935,1859,1859,495357,99,198,27394,17,59,12649,61,1223,183825
201211,08,4,8,Colorado,1079,1079,295998,25,50,11483,0,0,0,30,930,91060,984,984,269324,15,30,4877,0,0,0,28,917,89762
201211,09,1,1,Connecticut,190,190,61347,1,2,120,0,0,0,15,177,19134,161,161,50414,1,2,120,0,0,0,11,148,16925
201211,10,3,5,Delaware,242,242,31759,11,22,3032,1,4,375,6,45,3590,148,148,21221,11,22,3032,1,4,375,3,21,1739
201211,11,3,5,District of Columbia,21,21,4139,5,10,1064,0,0,0,3,595,76924,0,0,0,0,0,0,0,0,0,0,0,0
201211,12,3,5,Florida,3478,3478,944637,19,38,4100,19,66,11909,83,1917,188470,3251,3251,857562,14,28,3383,18,63,11511,67,1798,176403
201211,13,3,5,Georgia,1246,1246,230345,4,8,672,3,11,1490,7,135,10618,901,901,171099,3,6,522,2,8,1354,0,0,0
201211,15,4,9,Hawaii,154,154,40724,1,2,650,1,3,350,0,0,0,154,154,40724,1,2,650,1,3,350,0,0,0
201211,16,4,8,Idaho,409,409,90070,2,4,503,0,0,0,9,135,10402,366,366,79100,2,4,503,0,0,0,7,118,9082
201211,17,2,3,Illinois,677,677,171037,6,12,1901,7,22,1560,33,800,67191,480,480,130214,4,8,1324,5,16,703,25,721,61004
201211,18,2,3,Indiana,828,828,192700,5,10,1092,8,29,2446,40,573,44469,785,785,186190,4,8,965,7,26,2446,36,527,41855
201211,19,2,4,Iowa,602,602,117302,10,20,2077,7,23,1659,13,300,17076,476,476,98110,8,16,1787,5,17,1330,9,276,15302
201211,20,2,4,Kansas,325,325,71141,21,42,4528,2,7,791,18,192,14866,221,221,49344,7,14,1683,1,4,325,16,173,13377
201211,21,3,6,Kentucky,378,378,65529,6,12,1083,3,12,1019,8,121,8558,283,283,52094,1,2,265,3,12,1019,5,80,6387
201211,22,3,7,Louisiana,943,943,173115,18,36,2853,1,3,496,13,198,22386,490,490,99668,0,0,0,0,0,0,3,36,10400
201211,23,1,1,Maine,185,185,36421,2,4,389,2,8,1080,2,49,3371,86,86,19855,1,2,180,2,8,1080,1,42,3065
201211,24,3,5,Maryland,703,703,140503,0,0,0,1,3,277,15,703,73244,392,392,79203,0,0,0,0,0,0,5,308,37509
201211,25,1,1,Massachusetts,530,530,149886,31,62,7279,18,57,7551,20,318,32301,439,439,125616,29,58,6579,16,51,6576,9,249,26216
201211,26,2,3,Michigan,858,858,179381,3,6,793,3,11,1428,15,247,28659,598,598,133583,2,4,605,1,4,790,6,130,19758
201211,27,2,4,Minnesota,664,664,173811,1,2,219,3,11,1390,14,636,82955,566,566,154052,0,0,0,3,11,1390,7,551,74750
201211,28,3,6,Mississippi,284,284,45316,1,2,18,2,7,218,3,40,3617,158,158,26884,0,0,0,0,0,0,0,0,0
201211,29,2,4,Missouri,604,604,124798,5,10,1099,13,42,2798,33,422,20762,495,495,97611,2,4,682,3,12,810,26,302,14731
201211,30,4,8,Montana,134,134,27550,3,6,713,6,24,877,6,83,5037,109,109,23167,3,6,713,6,24,877,5,78,4928
201211,31,2,4,Nebraska,445,445,103701,2,4,442,5,20,500,9,325,19727,411,411,96220,2,4,442,5,20,500,9,325,19727
201211,32,4,8,Nevada,605,605,91219,0,0,0,1,4,428,9,117,11670,603,603,90933,0,0,0,1,4,428,9,117,11670
201211,33,1,1,New Hampshire,136,136,28999,9,18,705,1,4,217,2,42,4965,84,84,19502,0,0,0,1,4,217,2,42,4965
201211,34,1,2,New Jersey,546,546,126334,23,46,5913,5,18,2625,47,550,32644,318,318,77551,15,30,4254,2,8,1162,18,363,18737
201211,35,4,8,New Mexico,296,296,94091,1,2,283,1,3,422,2,28,2180,129,129,64983,0,0,0,0,0,0,0,0,0
201211,36,1,2,New York,587,587,164090,56,112,13887,20,65,6490,66,932,89308,377,377,116332,41,82,9519,9,32,3266,49,795,76520
201211,37,3,5,North Carolina,2330,2330,461751,19,38,3984,10,38,1724,61,2009,136169,2038,2038,407202,18,36,3767,10,38,1724,60,2004,136046
201211,38,2,4,North Dakota,219,219,43178,1,2,286,4,15,1812,13,129,8318,134,134,29678,0,0,0,3,12,1449,2,72,4270
201211,39,2,3,Ohio,856,856,186642,21,42,6288,15,58,7306,40,913,71320,692,692,151885,21,42,6288,15,58,7306,17,770,66288
201211,40,3,7,Oklahoma,647,647,108526,9,18,1995,1,3,217,17,289,14546,460,460,82066,8,16,1830,0,0,0,15,260,12454
201211,41,4,9,Oregon,468,468,108590,4,8,1070,5,20,1617,18,225,23448,319,319,76337,0,0,0,2,8,811,9,95,9989
201211,42,1,2,Pennsylvania,1015,1015,200527,8,16,1277,37,134,10318,14,114,9459,712,712,140520,7,14,1121,36,130,9763,6,70,5388
201211,44,1,1,Rhode Island,54,54,9435,5,10,897,2,6,755,1,5,350,42,42,7061,2,4,390,0,0,0,1,5,350
201211,45,3,5,South Carolina,1263,1263,262719,6,12,496,3,12,1284,21,261,20528,870,870,188338,4,8,292,3,12,1284,14,146,13168
201211,46,2,4,South Dakota,216,216,40301,5,10,1365,0,0,0,10,160,11000,194,194,35952,5,10,1365,0,0,0,9,155,10762
201211,47,3,6,Tennessee,1054,1054,189192,2,4,389,24,75,3822,26,336,45317,919,919,167251,2,4,389,24,75,3822,24,321,44283
201211,48,3,7,Texas,6047,6047,1221898,30,60,7328,7,26,1427,147,3988,284755,4974,4974,1015536,28,56,7052,5,20,857,119,3615,260026
201211,49,4,8,Utah,823,823,182818,4,8,1114,13,41,3314,33,584,50693,713,713,160857,3,6,906,2,8,1114,27,544,47586
201211,50,1,1,Vermont,30,30,7588,0,0,0,0,0,0,2,41,4817,21,21,5486,0,0,0,0,0,0,1,36,4500
201211,51,3,5,Virginia,1446,1446,285551,28,56,4420,1,4,480,19,1065,69121,1228,1228,247474,28,56,4420,1,4,480,14,986,65827
201211,53,4,9,Washington,1207,1207,297777,12,24,4035,7,26,3940,58,912,98235,947,947,232201,11,22,3739,7,26,3940,54,866,93980
201211,54,3,5,West Virginia,132,132,21133,0,0,0,0,0,0,1,5,204,102,102,15605,0,0,0,0,0,0,0,0,0
201211,55,2,3,Wisconsin,579,579,127238,22,44,3891,6,23,2125,37,508,33254,395,395,91811,11,22,2066,5,20,1825,10,157,11667
201211,56,4,8,Wyoming,110,110,24941,0,0,0,0,0,0,1,5,475,88,88,14255,0,0,0,0,0,0,0,0,0
201211,US,0,0,United States,40110,40110,8858363,586,1172,140955,291,1016,103833,1165,24247,2130158,32054,32054,7232040,446,892,108964,223,804,83667,819,19883,1756716
201211,R1,1,0,Northeast Region,3273,3273,784627,135,270,30466,85,292,29037,169,2228,196350,2240,2240,562338,96,192,22163,66,233,22064,98,1750,156666
201211,R2,2,0,Midwest Region,6873,6873,1531231,102,204,23981,73,261,23814,275,5205,419597,5447,5447,1254650,66,132,17207,53,200,18873,172,4159,353492
201211,R3,3,0,South Region,21183,21183,4368007,168,336,33782,77,267,24872,438,12060,978572,17041,17041,3582300,126,252,27034,68,239,22561,333,9865,780449
201211,R4,4,0,West Region,8781,8781,2174498,181,362,52726,56,196,26110,283,4754,535639,7326,7326,1832752,158,316,42560,36,132,20169,216,4109,466109
201211,D1,1,1,New England Division,1125,1125,293676,48,96,9389,23,75,9603,42,632,64938,833,833,227935,33,66,7269,19,63,7873,25,522,56021
201211,D2,1,2,Middle Atlantic Division,2148,2148,490951,87,174,21077,62,217,19434,127,1596,131412,1407,1407,334403,63,126,14894,47,170,14191,73,1228,100645
201211,D3,2,3,East North Central Divisi,3798,3798,856998,57,114,13965,39,143,14865,165,3041,244892,2950,2950,693683,42,84,11247,33,124,13069,94,2305,200572
201211,D4,2,4,West North Central Divisi,3075,3075,674233,45,90,10016,34,118,8949,110,2164,174705,2497,2497,560967,24,48,5960,20,76,5804,78,1854,152920
201211,D5,3,5,South Atlantic Division,10861,10861,2382537,92,184,17767,38,138,17539,216,6735,578868,8930,8930,1987704,78,156,15415,35,129,16728,163,5263,430693
201211,D6,3,6,East South Central Divisi,2297,2297,411712,10,20,1756,29,94,5059,44,842,77667,1831,1831,333159,3,6,654,27,87,4841,32,683,66527
201211,D7,3,7,West South Central Divisi,8025,8025,1573758,66,132,14259,10,35,2274,178,4483,322037,6280,6280,1261437,45,90,10965,6,23,992,138,3919,283229
201211,D8,4,8,Mountain Division,4650,4650,1117375,60,120,17952,22,75,5340,112,2114,196387,4006,4006,976385,46,92,10677,9,36,2419,91,1919,177681
201211,D9,4,9,Pacific Division,4131,4131,1057123,121,242,34774,34,121,20770,171,2640,339252,3320,3320,856367,112,224,31883,27,96,17750,125,2190,288428
