Survey,FIPS,Region,Division,State,,1-unit,,,2-units,,,3-4 units,,,5+ units,,,1-unit rep,,,2-units rep,,,3-4 units rep       ,,,5+ units rep
Date,State,Code,Code,Name,Bldgs,Units,Value,Bldgs,Units,Value,Bldgs,Units,Value,      Bldgs,Units,Value,Bldgs,Units,Value,Bldgs,Units,Value,      Bldgs,Units,Value,Bldgs,Units,Value
 
201201,01,3,6,Alabama,551,551,99320,1,2,266,0,0,0,15,321,19713,450,450,83808,0,0,0,0,0,0,13,276,16220
201201,02,4,9,Alaska,29,29,7307,1,2,260,1,3,400,0,0,0,19,19,5244,1,2,260,1,3,400,0,0,0
201201,04,4,8,Arizona,894,894,210831,1,2,276,1,3,431,18,305,19149,826,826,197912,1,2,276,1,3,431,17,300,18550
201201,05,3,7,Arkansas,324,324,58036,19,38,3509,0,0,0,0,0,0,299,299,51652,19,38,3509,0,0,0,0,0,0
201201,06,4,9,California,1525,1525,412956,38,76,17312,15,52,6378,33,463,68830,1247,1247,345384,37,74,17055,12,42,4920,22,358,56421
201201,08,4,8,Colorado,696,696,179469,1,2,340,1,4,710,7,287,24767,656,656,170525,1,2,340,1,4,710,6,282,24622
201201,09,1,1,Connecticut,112,112,36002,4,8,574,0,0,0,4,34,2613,90,90,28150,4,8,574,0,0,0,1,12,870
201201,10,3,5,Delaware,197,197,26611,6,12,1259,0,0,2674,5,111,8501,154,154,21011,6,12,1259,0,0,2674,4,102,8357
201201,11,3,5,District of Columbia,12,12,2320,11,22,1418,0,0,0,0,0,0,12,12,2320,11,22,1418,0,0,0,0,0,0
201201,12,3,5,Florida,2624,2624,659454,35,70,5471,42,129,14428,82,1853,152471,2374,2374,591749,29,58,4828,12,39,7531,66,1714,139363
201201,13,3,5,Georgia,1112,1112,206083,16,32,4228,2,7,244,13,525,65545,760,760,150142,15,30,4062,1,4,91,8,486,62696
201201,15,4,9,Hawaii,122,122,36753,1,2,643,0,0,0,5,85,10440,16,16,3553,0,0,0,0,0,0,1,7,1495
201201,16,4,8,Idaho,300,300,53966,1,2,217,5,20,1416,0,0,0,293,293,52450,1,2,217,5,20,1416,0,0,0
201201,17,2,3,Illinois,352,352,79029,4,8,902,1,4,320,5,47,3607,252,252,58749,3,6,665,1,4,320,2,12,1200
201201,18,2,3,Indiana,458,458,87726,6,12,870,18,71,3347,2,10,632,417,417,81470,5,10,788,17,68,3170,0,0,0
201201,19,2,4,Iowa,180,180,32886,0,0,0,3,10,891,7,82,5641,143,143,26094,0,0,0,3,10,891,6,76,5372
201201,20,2,4,Kansas,169,169,37007,11,22,3135,0,0,0,1,18,1642,129,129,27729,9,18,2643,0,0,0,0,0,0
201201,21,3,6,Kentucky,310,310,52912,2,4,190,3,11,448,9,111,4924,206,206,33836,1,2,60,2,8,330,5,68,2549
201201,22,3,7,Louisiana,795,795,139601,8,16,1485,0,0,0,6,78,5817,421,421,84547,0,0,0,0,0,0,0,0,0
201201,23,1,1,Maine,75,75,12414,0,0,0,1,4,200,3,62,6812,41,41,6860,0,0,0,1,4,200,2,55,6506
201201,24,3,5,Maryland,738,738,135208,2,4,596,0,0,0,9,152,14187,561,561,100505,0,0,0,0,0,0,5,63,4785
201201,25,1,1,Massachusetts,292,292,76351,9,18,2202,2,6,500,14,113,11075,226,226,61030,8,16,2036,2,6,500,2,35,3849
201201,26,2,3,Michigan,409,409,83793,0,0,0,1,3,181,3,38,2902,306,306,66857,0,0,0,0,0,0,0,0,0
201201,27,2,4,Minnesota,264,264,73680,0,0,0,0,0,0,5,322,40748,218,218,62496,0,0,0,0,0,0,3,309,39379
201201,28,3,6,Mississippi,308,308,42495,3,6,626,1,4,255,3,36,3104,238,238,32585,0,0,0,0,0,0,0,0,0
201201,29,2,4,Missouri,394,394,81443,4,8,656,20,80,2500,6,61,4458,350,350,70322,2,4,302,20,80,2500,1,10,1070
201201,30,4,8,Montana,69,69,14896,1,2,153,1,4,265,1,15,658,58,58,13069,1,2,153,1,4,265,1,15,658
201201,31,2,4,Nebraska,175,175,33825,1,2,165,1,3,160,2,47,3277,159,159,31424,1,2,165,0,0,0,1,30,2271
201201,32,4,8,Nevada,287,287,48932,0,0,0,0,0,0,2,141,10535,286,286,48773,0,0,0,0,0,0,2,141,10535
201201,33,1,1,New Hampshire,92,92,15105,3,6,816,0,0,0,1,26,2200,81,81,12886,3,6,816,0,0,0,1,26,2200
201201,34,1,2,New Jersey,408,408,96920,20,40,4506,1,3,169,45,499,39711,259,259,69339,17,34,4165,0,0,0,13,199,12993
201201,35,4,8,New Mexico,266,266,48313,3,6,731,0,0,0,1,10,779,141,141,27135,3,6,731,0,0,0,0,0,0
201201,36,1,2,New York,449,449,102886,15,30,3078,10,33,3449,54,966,84509,331,331,81092,14,28,2878,10,33,3449,38,874,77983
201201,37,3,5,North Carolina,1942,1942,362531,2,4,521,14,55,3746,77,1977,170378,1758,1758,328083,1,2,180,14,55,3746,72,1934,167575
201201,38,2,4,North Dakota,72,72,12927,0,0,0,0,0,0,3,56,3858,34,34,7175,0,0,0,0,0,0,1,42,2660
201201,39,2,3,Ohio,486,486,114476,3,6,509,3,10,662,39,579,44142,409,409,99131,2,4,330,2,7,394,28,524,42674
201201,40,3,7,Oklahoma,591,591,105361,9,18,1430,1,4,200,13,143,5096,422,422,80625,8,16,1265,1,4,200,11,132,4465
201201,41,4,9,Oregon,395,395,95901,0,0,0,6,24,2822,5,222,19103,329,329,81601,0,0,0,6,24,2822,4,217,18782
201201,42,1,2,Pennsylvania,739,739,131726,6,12,867,10,33,2469,22,610,16758,536,536,98092,5,10,676,9,30,2226,10,500,8557
201201,44,1,1,Rhode Island,44,44,7404,1,2,110,1,3,100,0,0,0,36,36,6062,0,0,0,0,0,0,0,0,0
201201,45,3,5,South Carolina,995,995,208806,2,4,282,0,0,0,12,342,14817,593,593,146358,1,2,180,0,0,0,6,232,7200
201201,46,2,4,South Dakota,76,76,13414,0,0,0,0,0,0,1,64,3800,65,65,11309,0,0,0,0,0,0,1,64,3800
201201,47,3,6,Tennessee,843,843,140455,1,2,92,7,24,1665,36,397,25203,657,657,114397,0,0,0,7,24,1665,24,325,22308
201201,48,3,7,Texas,5722,5722,1082754,57,114,8528,7,26,1884,85,2904,229871,4821,4821,915558,53,106,7995,3,12,840,42,2050,155553
201201,49,4,8,Utah,515,515,108261,2,4,484,5,18,1782,9,106,9113,458,458,96414,2,4,484,3,11,931,3,56,4446
201201,50,1,1,Vermont,18,18,5459,1,2,340,0,0,0,2,16,1584,14,14,4567,1,2,340,0,0,0,0,0,0
201201,51,3,5,Virginia,1154,1154,212623,1,2,331,3,12,1442,14,523,17570,1089,1089,202330,1,2,331,3,12,1442,12,451,11193
201201,53,4,9,Washington,919,919,224951,8,16,2621,3,12,1370,11,191,28480,708,708,172116,8,16,2621,3,12,1370,7,159,24916
201201,54,3,5,West Virginia,69,69,11506,0,0,0,0,0,0,1,5,250,56,56,9803,0,0,0,0,0,0,0,0,0
201201,55,2,3,Wisconsin,233,233,52003,3,6,651,1,3,274,14,116,8098,173,173,39810,1,2,157,0,0,0,2,40,3283
201201,56,4,8,Wyoming,84,84,25620,0,0,0,0,0,0,0,0,0,53,53,20066,0,0,0,0,0,0,0,0,0
201201,US,0,0,United States,29885,29885,6200712,323,646,72648,191,678,57781,705,15069,1217366,24230,24230,5134197,275,550,63754,141,523,45434,443,12176,977354
201201,R1,1,0,Northeast Region,2229,2229,484268,59,118,12493,25,82,6887,145,2326,165260,1614,1614,368078,52,104,11483,22,73,6375,67,1701,112957
201201,R2,2,0,Midwest Region,3268,3268,702211,32,64,6887,48,184,8335,88,1440,122805,2655,2655,582567,23,46,5049,43,169,7275,45,1107,101709
201201,R3,3,0,South Region,18287,18287,3546077,175,350,30232,80,272,26986,380,9478,737448,14871,14871,2949309,145,290,25087,43,158,18520,268,7833,602265
201201,R4,4,0,West Region,6101,6101,1468156,57,114,23036,38,140,15573,92,1825,191853,5090,5090,1234243,55,110,22135,33,123,13264,63,1535,160423
201201,D1,1,1,New England Division,633,633,152735,18,36,4042,4,13,800,24,251,24283,488,488,119555,16,32,3765,3,10,700,6,128,13425
201201,D2,1,2,Middle Atlantic Division,1596,1596,331533,41,82,8451,21,69,6087,121,2075,140977,1126,1126,248523,36,72,7718,19,63,5675,61,1573,99532
201201,D3,2,3,East North Central Divisi,1938,1938,417027,16,32,2931,24,91,4784,63,790,59381,1557,1557,346017,11,22,1939,20,79,3884,32,576,47157
201201,D4,2,4,West North Central Divisi,1330,1330,285184,16,32,3956,24,93,3551,25,650,63424,1098,1098,236550,12,24,3110,23,90,3391,13,531,54552
201201,D5,3,5,South Atlantic Division,8843,8843,1825143,75,150,14107,61,203,22534,213,5488,443721,7357,7357,1552301,64,128,12258,30,110,15485,173,4982,401170
201201,D6,3,6,East South Central Divisi,2012,2012,335181,7,14,1173,11,39,2368,63,865,52943,1551,1551,264626,1,2,60,9,32,1995,42,669,41077
201201,D7,3,7,West South Central Divisi,7432,7432,1385753,93,186,14952,8,30,2084,104,3125,240784,5963,5963,1132382,80,160,12769,4,16,1040,53,2182,160018
201201,D8,4,8,Mountain Division,3111,3111,690289,9,18,2200,13,49,4604,38,864,65000,2771,2771,626345,9,18,2200,11,42,3752,29,794,58810
201201,D9,4,9,Pacific Division,2990,2990,777867,48,96,20836,25,91,10969,54,961,126853,2319,2319,607898,46,92,19935,22,81,9512,34,741,101613
