Survey,FIPS,Region,Division,State,,1-unit,,,2-units,,,3-4 units,,,5+ units,,,1-unit rep,,,2-units rep,,,3-4 units rep       ,,,5+ units rep
Date,State,Code,Code,Name,Bldgs,Units,Value,Bldgs,Units,Value,Bldgs,Units,Value,      Bldgs,Units,Value,Bldgs,Units,Value,Bldgs,Units,Value,      Bldgs,Units,Value,Bldgs,Units,Value
 
201210,01,3,6,Alabama,743,743,137703,0,0,0,1,4,560,10,66,3542,674,674,125795,0,0,0,1,4,560,9,58,3346
201210,02,4,9,Alaska,61,61,14843,1,2,262,0,0,0,2,36,4043,41,41,10477,1,2,262,0,0,0,2,36,4043
201210,04,4,8,Arizona,1326,1326,306291,20,40,3006,15,46,6640,17,346,35774,1115,1115,262393,18,36,2828,15,46,6640,11,216,24328
201210,05,3,7,Arkansas,411,411,87244,6,12,600,14,53,4912,8,56,5000,385,385,83201,6,12,600,14,53,4912,8,56,5000
201210,06,4,9,California,2428,2428,703613,28,56,11166,36,123,23458,87,2178,332768,2048,2048,601947,22,44,8591,28,99,17764,57,1921,302637
201210,08,4,8,Colorado,1252,1252,338385,6,12,2056,2,6,526,20,371,35974,1135,1135,308553,6,12,2056,2,6,526,19,366,35422
201210,09,1,1,Connecticut,261,261,69472,1,2,262,1,4,550,9,325,77450,212,212,51584,1,2,262,1,4,550,5,289,74907
201210,10,3,5,Delaware,253,253,32972,16,32,2469,1,4,375,5,35,2630,197,197,25249,16,32,2469,1,4,375,3,19,1591
201210,11,3,5,District of Columbia,33,33,4217,2,4,368,0,0,0,2,367,61000,33,33,4217,2,4,368,0,0,0,2,367,61000
201210,12,3,5,Florida,4270,4270,1080841,16,32,3379,12,41,7353,58,984,85840,3911,3911,968627,6,12,1647,11,38,7126,41,842,71578
201210,13,3,5,Georgia,1704,1704,319420,2,4,286,2,8,622,28,703,90779,1377,1377,265712,0,0,0,1,4,440,17,542,80459
201210,15,4,9,Hawaii,236,236,59308,0,0,0,0,0,0,10,201,44746,224,224,53713,0,0,0,0,0,0,10,201,44746
201210,16,4,8,Idaho,455,455,97250,2,4,334,7,27,1544,2,19,1395,398,398,85090,1,2,136,1,4,208,0,0,0
201210,17,2,3,Illinois,995,995,231984,8,16,2028,6,19,2487,19,473,74332,716,716,176420,7,14,1791,5,16,2225,15,426,70537
201210,18,2,3,Indiana,1069,1069,228366,14,28,2755,3,12,1453,23,299,23365,965,965,212488,13,26,2633,2,8,966,20,250,20604
201210,19,2,4,Iowa,907,907,168728,16,32,4121,5,18,1996,12,206,18541,727,727,142687,14,28,3777,4,15,1809,9,185,17233
201210,20,2,4,Kansas,487,487,95978,28,56,5804,1,3,279,7,296,24904,361,361,65583,27,54,5465,0,0,0,6,244,20544
201210,21,3,6,Kentucky,434,434,69287,17,34,2200,2,7,673,18,209,11343,317,317,52541,1,2,300,1,4,260,14,172,9023
201210,22,3,7,Louisiana,1099,1099,204100,22,44,1531,1,3,496,10,133,9285,569,569,114881,13,26,230,0,0,0,0,0,0
201210,23,1,1,Maine,188,188,35376,1,2,227,1,4,540,2,10,438,86,86,18040,1,2,227,1,4,540,0,0,0
201210,24,3,5,Maryland,805,805,150875,5,10,1167,0,0,0,10,271,25595,606,606,107626,0,0,0,0,0,0,4,66,6778
201210,25,1,1,Massachusetts,516,516,158266,14,28,3016,4,13,2263,19,213,27970,366,366,118745,12,24,2383,3,10,1583,7,118,19700
201210,26,2,3,Michigan,1168,1168,245247,6,12,1760,3,11,1088,9,153,19737,718,718,166559,5,10,1407,2,8,850,6,124,17746
201210,27,2,4,Minnesota,892,892,214391,5,10,1032,1,4,550,17,1129,171655,703,703,174280,4,8,817,1,4,550,11,1054,164778
201210,28,3,6,Mississippi,369,369,60950,0,0,0,3,11,367,3,37,3403,246,246,44278,0,0,0,0,0,0,0,0,0
201210,29,2,4,Missouri,1021,1021,167544,24,48,4121,4,14,939,19,940,77308,834,834,128784,14,28,2323,4,14,939,14,819,71236
201210,30,4,8,Montana,165,165,36035,6,12,1647,4,15,1298,8,101,7939,127,127,30041,4,8,1271,3,12,1209,5,57,5852
201210,31,2,4,Nebraska,449,449,87800,3,6,802,1,3,218,4,144,9242,376,376,72973,3,6,802,0,0,0,3,94,6283
201210,32,4,8,Nevada,680,680,113123,0,0,0,3,12,1283,1,6,599,679,679,112959,0,0,0,3,12,1283,1,6,599
201210,33,1,1,New Hampshire,158,158,35907,10,20,1603,0,0,0,2,48,2638,110,110,26361,4,8,1133,0,0,0,2,48,2638
201210,34,1,2,New Jersey,796,796,164388,20,40,4013,8,28,2144,57,779,62779,502,502,101091,13,26,2456,6,22,1265,17,357,19016
201210,35,4,8,New Mexico,332,332,62390,1,2,320,6,24,2447,2,28,2180,140,140,28872,1,2,320,5,20,1884,0,0,0
201210,36,1,2,New York,810,810,192172,22,44,5225,31,95,9934,92,1446,156781,462,462,124510,20,40,4886,18,56,5509,45,1114,130303
201210,37,3,5,North Carolina,2572,2572,511656,25,50,4429,14,52,3125,64,2256,127585,2242,2242,452456,24,48,4211,13,49,2716,62,2216,123476
201210,38,2,4,North Dakota,471,471,86510,4,8,1242,2,8,533,14,492,38652,311,311,60841,4,8,1242,1,4,49,12,458,36162
201210,39,2,3,Ohio,1127,1127,232983,10,20,2195,4,14,1576,34,511,32694,930,930,192641,10,20,2195,4,14,1576,21,325,26654
201210,40,3,7,Oklahoma,843,843,159720,3,6,615,0,0,0,3,122,7972,771,771,150713,3,6,615,0,0,0,1,107,6500
201210,41,4,9,Oregon,728,728,171182,15,30,4192,2,8,527,26,383,34087,623,623,147644,13,26,3578,0,0,0,22,327,28305
201210,42,1,2,Pennsylvania,1349,1349,236907,10,20,1524,12,44,3556,12,143,12218,964,964,162293,9,18,1293,11,41,3140,8,119,9889
201210,44,1,1,Rhode Island,57,57,11014,2,4,319,1,3,130,0,0,0,40,40,7464,1,2,160,0,0,0,0,0,0
201210,45,3,5,South Carolina,1427,1427,306241,13,26,1723,4,15,1337,9,170,10555,971,971,224644,10,20,1417,4,15,1337,0,0,0
201210,46,2,4,South Dakota,398,398,73188,7,14,1738,2,8,718,15,119,10663,341,341,63178,5,10,1144,2,8,718,12,92,8429
201210,47,3,6,Tennessee,1316,1316,241899,16,32,3654,26,95,10687,9,212,18421,1073,1073,204199,15,30,3562,26,95,10687,8,203,17585
201210,48,3,7,Texas,6798,6798,1370613,73,146,14256,19,71,5637,170,4758,367374,5424,5424,1125026,68,136,13884,16,62,5180,141,4410,344081
201210,49,4,8,Utah,942,942,210014,6,12,1590,14,45,3935,14,168,12677,810,810,181102,4,8,1323,3,12,1735,7,124,8866
201210,50,1,1,Vermont,107,107,22963,1,2,220,0,0,0,5,57,4304,56,56,15502,1,2,220,0,0,0,4,51,3924
201210,51,3,5,Virginia,1481,1481,280509,4,8,546,13,52,6865,33,490,26744,1346,1346,252162,4,8,546,13,52,6865,30,455,25532
201210,53,4,9,Washington,1612,1612,412990,25,50,9662,20,74,10948,26,775,80691,1345,1345,346840,25,50,9662,19,71,10471,22,724,75826
201210,54,3,5,West Virginia,105,105,19637,7,14,543,4,16,1160,10,77,4244,65,65,13027,6,12,393,4,16,1160,9,72,4040
201210,55,2,3,Wisconsin,962,962,207679,23,46,4247,2,7,750,25,480,39924,672,672,147117,21,42,3812,1,4,450,12,289,30345
201210,56,4,8,Wyoming,130,130,37893,1,2,193,3,12,690,1,6,570,107,107,25090,0,0,0,3,12,690,0,0,0
201210,US,0,0,United States,49198,49198,10568064,567,1134,120445,320,1136,129167,1062,23827,2340347,39451,39451,8638216,458,916,100696,253,922,106746,734,20019,2041537
201210,R1,1,0,Northeast Region,4242,4242,926466,81,162,16407,58,191,19117,198,3021,344577,2798,2798,625590,62,124,13019,40,137,12586,88,2096,260377
201210,R2,2,0,Midwest Region,9946,9946,2040397,148,296,31844,34,121,12587,198,5242,541016,7654,7654,1603550,127,254,27406,26,95,10131,141,4360,490548
201210,R3,3,0,South Region,24663,24663,5037883,227,454,37766,116,432,44166,450,10946,861312,20207,20207,4214357,174,348,30243,105,396,41619,349,9585,759989
201210,R4,4,0,West Region,10347,10347,2563318,111,222,34428,112,392,53297,216,4618,593442,8792,8792,2194719,95,190,30028,82,294,42410,156,3978,530623
201210,D1,1,1,New England Division,1287,1287,332999,29,58,5646,7,24,3483,37,653,112800,870,870,237696,20,40,4384,5,18,2673,18,506,101169
201210,D2,1,2,Middle Atlantic Division,2955,2955,593467,52,104,10761,51,167,15634,161,2368,231777,1928,1928,387894,42,84,8635,35,119,9913,70,1590,159208
201210,D3,2,3,East North Central Divisi,5321,5321,1146259,61,122,12984,18,63,7355,110,1916,190052,4001,4001,895225,56,112,11837,14,50,6067,74,1414,165885
201210,D4,2,4,West North Central Divisi,4625,4625,894138,87,174,18860,16,58,5232,88,3326,350964,3653,3653,708325,71,142,15569,12,45,4064,67,2946,324663
201210,D5,3,5,South Atlantic Division,12650,12650,2706368,90,180,14910,50,188,20836,219,5353,434971,10748,10748,2313721,68,136,11051,47,178,20020,168,4579,374454
201210,D6,3,6,East South Central Divisi,2862,2862,509838,33,66,5854,32,117,12286,40,524,36709,2310,2310,426814,16,32,3862,28,103,11507,31,433,29954
201210,D7,3,7,West South Central Divisi,9151,9151,1821677,104,208,17002,34,127,11044,191,5069,389632,7149,7149,1473822,90,180,15330,30,115,10092,150,4573,355581
201210,D8,4,8,Mountain Division,5282,5282,1201381,42,84,9147,54,187,18364,65,1045,97107,4511,4511,1034099,34,68,7935,35,124,14175,43,769,75066
201210,D9,4,9,Pacific Division,5065,5065,1361937,69,138,25281,58,205,34933,151,3573,496335,4281,4281,1160620,61,122,22093,47,170,28235,113,3209,455557
