Survey,FIPS,Region,Division,State,,1-unit,,,2-units,,,3-4 units,,,5+ units,,,1-unit rep,,,2-units rep,,,3-4 units rep       ,,,5+ units rep
Date,State,Code,Code,Name,Bldgs,Units,Value,Bldgs,Units,Value,Bldgs,Units,Value,      Bldgs,Units,Value,Bldgs,Units,Value,Bldgs,Units,Value,      Bldgs,Units,Value,Bldgs,Units,Value
 
201309,01,3,6,Alabama,700,700,144645,1,2,500,5,20,898,12,222,13431,498,498,118755,1,2,500,5,20,898,3,22,1309
201309,02,4,9,Alaska,71,71,18208,10,20,3057,7,28,5097,1,7,2073,52,52,13945,9,18,2757,7,28,5097,1,7,2073
201309,04,4,8,Arizona,1333,1333,324371,3,6,403,3,11,1428,6,71,10100,1150,1150,284139,1,2,200,3,11,1428,3,19,3969
201309,05,3,7,Arkansas,389,389,77218,13,26,2338,2,8,403,5,115,5188,346,346,68676,13,26,2338,2,8,403,4,110,4940
201309,06,4,9,California,2557,2557,771582,41,82,15532,24,85,13983,62,1185,177347,2258,2258,685760,35,70,13131,21,76,12385,46,978,152871
201309,08,4,8,Colorado,1166,1166,355850,5,10,1835,5,19,3055,28,874,119852,1043,1043,321238,4,8,1494,4,16,2698,25,833,115357
201309,09,1,1,Connecticut,217,217,62174,3,6,240,4,13,686,12,92,9470,156,156,41834,3,6,240,4,13,686,0,0,0
201309,10,3,5,Delaware,345,345,45035,6,12,1729,5,18,2033,9,68,7075,334,334,44179,6,12,1729,5,18,2033,8,60,6947
201309,11,3,5,District of Columbia,36,36,7386,0,0,0,0,0,0,2,442,29791,36,36,7386,0,0,0,0,0,0,2,442,29791
201309,12,3,5,Florida,4371,4371,1212819,19,38,5526,29,100,9558,71,1860,185887,3754,3754,1019802,17,34,5182,18,67,7051,47,1515,139232
201309,13,3,5,Georgia,2017,2017,394159,2,4,449,4,16,1932,20,872,96180,1658,1658,343216,1,2,299,1,4,925,15,728,84646
201309,15,4,9,Hawaii,196,196,60927,0,0,0,1,4,549,4,659,111641,182,182,53921,0,0,0,1,4,549,4,659,111641
201309,16,4,8,Idaho,590,590,116669,9,18,276,2,6,409,9,187,13648,411,411,79227,9,18,276,0,0,0,7,162,11943
201309,17,2,3,Illinois,880,880,223851,10,20,3758,21,65,15384,27,1481,168885,638,638,171038,8,16,3184,20,62,15071,16,1291,151245
201309,18,2,3,Indiana,1103,1103,242222,11,22,1962,2,6,575,38,506,42406,899,899,201934,10,20,1756,1,3,250,23,422,37763
201309,19,2,4,Iowa,677,677,143416,9,18,1805,1,4,293,8,199,21473,515,515,115363,7,14,1370,0,0,0,4,134,13793
201309,20,2,4,Kansas,418,418,93778,21,42,4555,5,18,1696,11,115,19970,290,290,64322,8,16,1656,3,12,1102,10,110,19102
201309,21,3,6,Kentucky,487,487,83141,11,22,1316,1,3,452,15,299,21484,264,264,45479,6,12,499,0,0,0,5,58,6650
201309,22,3,7,Louisiana,1013,1013,185250,13,26,2421,1,3,249,7,84,6519,603,603,121860,12,24,2401,0,0,0,0,0,0
201309,23,1,1,Maine,248,248,47749,5,10,1090,2,7,825,4,32,1706,98,98,18876,3,6,691,1,4,540,1,16,850
201309,24,3,5,Maryland,820,820,172339,6,12,1312,0,0,0,16,1489,162486,693,693,148107,6,12,1312,0,0,0,10,1237,138585
201309,25,1,1,Massachusetts,666,666,177693,27,54,6418,6,20,1931,21,508,143313,495,495,134724,23,46,5487,4,13,1350,5,363,130044
201309,26,2,3,Michigan,1366,1366,303976,28,56,5225,8,31,2817,17,455,40347,1072,1072,247303,27,54,5075,7,28,2579,13,417,36461
201309,27,2,4,Minnesota,1113,1113,281109,2,4,442,0,0,0,17,895,96106,878,878,225513,1,2,268,0,0,0,11,812,89720
201309,28,3,6,Mississippi,380,380,61886,2,4,419,6,22,744,1,6,150,280,280,45101,1,2,247,0,0,0,0,0,0
201309,29,2,4,Missouri,766,766,155931,16,32,2956,9,35,3544,18,430,19378,558,558,117259,13,26,2435,9,35,3544,11,228,8852
201309,30,4,8,Montana,156,156,34315,8,16,2163,1,4,550,1,7,640,124,124,26552,7,14,1801,1,4,550,0,0,0
201309,31,2,4,Nebraska,471,471,94528,2,4,426,0,0,0,7,132,8369,284,284,53323,2,4,426,0,0,0,2,38,2558
201309,32,4,8,Nevada,685,685,119065,1,2,199,0,0,0,8,128,12296,672,672,117352,0,0,0,0,0,0,7,123,11938
201309,33,1,1,New Hampshire,229,229,54092,2,4,394,0,0,0,2,10,1277,175,175,41489,1,2,130,0,0,0,0,0,0
201309,34,1,2,New Jersey,883,883,180036,24,48,5534,10,34,2486,80,771,43703,601,601,124248,18,36,4415,8,26,1647,39,385,13151
201309,35,4,8,New Mexico,324,324,66615,3,6,628,2,7,671,2,53,3600,165,165,34380,1,2,123,0,0,0,2,53,3600
201309,36,1,2,New York,945,945,231794,57,114,12781,19,65,6838,109,1557,136031,602,602,167719,54,108,12228,16,55,5627,53,1249,110762
201309,37,3,5,North Carolina,2767,2767,550931,7,14,1846,0,0,0,32,1115,89960,2169,2169,425315,5,10,1369,0,0,0,20,795,62724
201309,38,2,4,North Dakota,388,388,79451,2,4,465,8,29,4044,21,368,33933,240,240,55304,0,0,0,5,20,2677,18,289,25948
201309,39,2,3,Ohio,1066,1066,249129,20,40,4849,21,80,4689,36,944,50267,815,815,198129,7,14,2337,19,73,3992,20,746,42146
201309,40,3,7,Oklahoma,938,938,180048,22,44,3713,2,8,506,11,108,6656,856,856,168554,20,40,3306,1,4,208,10,91,5527
201309,41,4,9,Oregon,688,688,182073,3,6,1042,4,15,1987,13,168,15192,587,587,157446,2,4,720,3,11,1587,6,95,6974
201309,42,1,2,Pennsylvania,1466,1466,283244,21,42,4868,12,40,3450,21,314,21816,1009,1009,201094,18,36,4072,8,28,2317,17,283,19252
201309,44,1,1,Rhode Island,51,51,11714,2,4,365,1,3,130,0,0,0,31,31,7694,1,2,159,0,0,0,0,0,0
201309,45,3,5,South Carolina,1606,1606,369110,2,4,239,1,4,455,40,804,64197,1097,1097,285977,0,0,0,0,0,0,32,698,56736
201309,46,2,4,South Dakota,381,381,74358,1,2,374,12,36,5827,15,350,28597,320,320,63909,0,0,0,11,33,5515,10,303,25266
201309,47,3,6,Tennessee,1291,1291,249046,4,8,338,7,25,1177,17,538,41896,1012,1012,201007,3,6,210,5,18,754,11,451,35816
201309,48,3,7,Texas,6668,6668,1300376,37,74,8087,57,221,27182,183,5360,499775,5203,5203,1108739,31,62,7147,53,207,26018,125,3951,393223
201309,49,4,8,Utah,1025,1025,245552,3,6,764,8,27,4137,8,66,6221,864,864,212064,3,6,764,5,17,2381,5,46,4493
201309,50,1,1,Vermont,141,141,27193,3,6,1085,1,3,410,3,15,1018,98,98,19754,3,6,1085,1,3,410,0,0,0
201309,51,3,5,Virginia,1643,1643,324113,3,6,506,2,8,960,31,1018,38590,1418,1418,278503,2,4,446,2,8,960,28,928,32320
201309,53,4,9,Washington,1216,1216,330377,14,28,4517,5,19,3531,50,1379,169807,909,909,250036,6,12,2045,2,8,1295,37,817,92432
201309,54,3,5,West Virginia,169,169,30182,0,0,0,0,0,0,1,5,204,156,156,27881,0,0,0,0,0,0,0,0,0
201309,55,2,3,Wisconsin,914,914,200036,12,24,3186,6,23,2229,32,530,42136,613,613,143958,7,14,1963,5,20,2010,15,236,14185
201309,56,4,8,Wyoming,124,124,33584,3,6,1182,8,32,1840,0,0,0,88,88,19175,3,6,1182,8,32,1840,0,0,0
201309,US,0,0,United States,50160,50160,11264343,529,1058,125113,340,1225,141640,1164,28893,2842087,39269,39269,9128558,418,836,100453,269,989,118375,731,22200,2256833
201309,R1,1,0,Northeast Region,4846,4846,1075688,144,288,32775,55,185,16757,252,3299,358335,3265,3265,757431,124,248,28507,42,142,12576,115,2296,274059
201309,R2,2,0,Midwest Region,9543,9543,2141786,134,268,30003,93,327,41098,247,6405,571867,7122,7122,1657355,90,180,20470,80,286,36741,153,5026,467038
201309,R3,3,0,South Region,25640,25640,5387682,148,296,30738,122,456,46549,473,14405,1269468,20377,20377,4458538,124,248,26984,92,354,39249,320,11086,998446
201309,R4,4,0,West Region,10131,10131,2659187,103,206,31597,70,257,37236,192,4784,642417,8505,8505,2255234,80,160,24492,55,207,29809,143,3792,517290
201309,D1,1,1,New England Division,1552,1552,380614,42,84,9592,14,46,3982,42,657,156785,1053,1053,264370,34,68,7793,10,33,2986,6,379,130894
201309,D2,1,2,Middle Atlantic Division,3294,3294,695074,102,204,23183,41,139,12775,210,2642,201550,2212,2212,493061,90,180,20714,32,109,9590,109,1917,143165
201309,D3,2,3,East North Central Divisi,5329,5329,1219215,81,162,18980,58,205,25694,150,3916,344041,4037,4037,962362,59,118,14315,52,186,23902,87,3112,281800
201309,D4,2,4,West North Central Divisi,4214,4214,922571,53,106,11023,35,122,15404,97,2489,227826,3085,3085,694993,31,62,6155,28,100,12839,66,1914,185238
201309,D5,3,5,South Atlantic Division,13774,13774,3106074,45,90,11607,41,146,14937,222,7673,674369,11315,11315,2580367,37,74,10337,26,97,10969,162,6403,550981
201309,D6,3,6,East South Central Divisi,2858,2858,538718,18,36,2572,19,70,3272,45,1065,76961,2054,2054,410342,11,22,1456,10,38,1652,19,531,43775
201309,D7,3,7,West South Central Divisi,9008,9008,1742890,85,170,16559,62,240,28340,206,5667,518138,7008,7008,1467829,76,152,15191,56,219,26628,139,4152,403690
201309,D8,4,8,Mountain Division,5403,5403,1296020,35,70,7450,29,106,12089,62,1386,166357,4517,4517,1094127,28,56,5840,21,80,8897,49,1236,151299
201309,D9,4,9,Pacific Division,4728,4728,1363167,68,136,24147,41,151,25147,130,3398,476060,3988,3988,1161107,52,104,18652,34,127,20912,94,2556,365991
