Survey,FIPS,Region,Division,State,,1-unit,,,2-units,,,3-4 units,,,5+ units,,,1-unit rep,,,2-units rep,,,3-4 units rep       ,,,5+ units rep
Date,State,Code,Code,Name,Bldgs,Units,Value,Bldgs,Units,Value,Bldgs,Units,Value,      Bldgs,Units,Value,Bldgs,Units,Value,Bldgs,Units,Value,      Bldgs,Units,Value,Bldgs,Units,Value
 
201407,01,3,6,Alabama,825,825,173694,9,18,1681,6,18,3750,8,242,18745,667,667,137382,9,18,1681,6,18,3750,3,179,12324
201407,02,4,9,Alaska,95,95,24026,1,2,322,1,3,546,2,30,3431,33,33,6581,0,0,0,0,0,0,2,30,3431
201407,04,4,8,Arizona,1569,1569,398169,1,2,98,0,0,0,16,753,89153,1309,1309,340853,0,0,0,0,0,0,10,669,79254
201407,05,3,7,Arkansas,395,395,80441,4,8,447,0,0,0,1,5,222,387,387,79318,4,8,447,0,0,0,0,0,0
201407,06,4,9,California,3397,3397,1012840,59,118,26036,31,102,20788,160,3730,631365,2948,2948,884878,52,104,23324,24,78,17327,109,3104,548510
201407,08,4,8,Colorado,1671,1671,531184,23,46,7238,2,8,2156,34,1255,127615,1505,1505,485005,21,42,6589,2,8,2156,29,1187,122358
201407,09,1,1,Connecticut,227,227,69582,4,8,1175,0,0,0,7,92,9437,181,181,50598,4,8,1175,0,0,0,4,64,7791
201407,10,3,5,Delaware,346,346,41951,2,4,389,2,8,714,5,57,5751,259,259,33850,2,4,389,2,8,714,2,14,1614
201407,11,3,5,District of Columbia,6,6,1294,1,2,222,1,4,431,6,910,73987,6,6,1294,1,2,222,1,4,431,6,910,73987
201407,12,3,5,Florida,5422,5422,1478399,26,52,30049,53,201,32963,85,2126,219716,4621,4621,1273105,22,44,28928,45,172,28908,65,1728,177395
201407,13,3,5,Georgia,2438,2438,461613,3,6,504,6,20,2888,26,1008,122630,2165,2165,416146,1,2,222,5,17,2752,23,983,121042
201407,15,4,9,Hawaii,265,265,87189,7,14,8553,0,0,0,0,0,0,249,249,78531,7,14,8553,0,0,0,0,0,0
201407,16,4,8,Idaho,598,598,130300,3,6,590,1,4,369,8,106,11671,563,563,122643,1,2,107,1,4,369,3,40,3007
201407,17,2,3,Illinois,994,994,254988,33,66,8237,19,68,10146,36,1199,175899,834,834,218874,27,54,6709,19,68,10146,28,1142,170358
201407,18,2,3,Indiana,1218,1218,284784,18,36,3444,5,20,1117,69,799,56229,1016,1016,247963,8,16,1905,4,16,841,57,698,49132
201407,19,2,4,Iowa,705,705,159124,69,138,10843,3,12,1248,7,99,10709,512,512,119214,64,128,10068,2,8,969,2,48,5420
201407,20,2,4,Kansas,386,386,94564,16,32,2833,0,0,0,3,32,2056,229,229,56441,5,10,680,0,0,0,1,10,900
201407,21,3,6,Kentucky,580,580,104355,14,28,2115,5,20,1408,12,165,8341,356,356,63505,12,24,1578,3,12,620,3,21,1921
201407,22,3,7,Louisiana,1127,1127,227032,13,26,3440,1,3,472,3,43,2893,719,719,153680,13,26,3440,0,0,0,0,0,0
201407,23,1,1,Maine,271,271,54475,8,16,1375,2,7,900,4,46,4610,135,135,28110,7,14,1215,2,7,900,0,0,0
201407,24,3,5,Maryland,1058,1058,225373,17,34,2755,3,11,1469,47,795,112711,1027,1027,220304,16,32,2400,2,7,945,45,653,100963
201407,25,1,1,Massachusetts,609,609,172370,12,24,2866,4,12,1436,23,601,111527,433,433,125894,8,16,1813,2,6,528,6,298,64908
201407,26,2,3,Michigan,1359,1359,316059,7,14,2132,16,56,4998,33,561,49350,1059,1059,256944,4,8,1506,13,46,4404,28,529,46804
201407,27,2,4,Minnesota,1170,1170,301369,4,8,1208,5,19,3455,33,633,78127,963,963,249076,2,4,703,4,16,2830,20,553,68712
201407,28,3,6,Mississippi,440,440,74126,1,2,245,5,17,812,22,393,38530,317,317,52793,0,0,0,0,0,0,20,383,38280
201407,29,2,4,Missouri,737,737,167894,18,36,3337,3,10,1156,33,478,30592,612,612,137741,6,12,1631,3,10,1156,18,320,24288
201407,30,4,8,Montana,206,206,51238,3,6,850,10,39,3171,12,240,28752,189,189,48730,2,4,585,10,39,3171,12,240,28752
201407,31,2,4,Nebraska,439,439,95720,9,18,2038,2,6,561,4,173,22766,371,371,81058,9,18,2038,2,6,561,3,165,21997
201407,32,4,8,Nevada,1007,1007,204326,9,18,1365,18,71,4132,29,391,25463,1004,1004,203653,9,18,1365,18,71,4132,29,391,25463
201407,33,1,1,New Hampshire,239,239,51711,3,6,626,8,28,4125,12,347,31735,186,186,39596,2,4,328,7,25,3681,8,318,28526
201407,34,1,2,New Jersey,956,956,203870,25,50,6815,8,27,2307,76,2082,389432,671,671,148192,18,36,5692,5,17,900,24,1285,331462
201407,35,4,8,New Mexico,293,293,65416,2,4,593,2,8,671,1,5,208,194,194,47692,2,4,593,0,0,0,0,0,0
201407,36,1,2,New York,1014,1014,258467,36,72,8667,19,64,7131,77,2533,246297,726,726,196840,34,68,8240,18,60,6747,55,2266,227824
201407,37,3,5,North Carolina,3351,3351,712115,8,16,922,1,3,365,42,1314,126643,2723,2723,587254,7,14,771,1,3,365,38,1220,115818
201407,38,2,4,North Dakota,1021,1021,197594,0,0,0,0,0,0,15,628,60737,951,951,183607,0,0,0,0,0,0,14,581,56820
201407,39,2,3,Ohio,1176,1176,282654,36,72,7463,34,132,13120,83,1051,85653,932,932,233415,17,34,4385,31,121,11621,48,847,80851
201407,40,3,7,Oklahoma,892,892,187507,7,14,1494,4,14,1082,2,56,4131,779,779,170728,6,12,1364,4,14,1082,2,56,4131
201407,41,4,9,Oregon,844,844,212474,31,62,8673,2,7,1528,32,532,93419,705,705,180161,29,58,8249,1,4,905,30,522,92668
201407,42,1,2,Pennsylvania,1399,1399,279743,39,78,7275,12,40,4656,21,592,55603,1019,1019,205301,37,74,6749,9,31,3697,15,519,48711
201407,44,1,1,Rhode Island,92,92,18338,5,10,1079,0,0,0,0,0,0,74,74,13963,4,8,895,0,0,0,0,0,0
201407,45,3,5,South Carolina,2126,2126,463357,2,4,390,2,6,728,10,216,14734,1706,1706,392701,2,4,390,1,3,135,5,120,8488
201407,46,2,4,South Dakota,314,314,63461,2,4,398,2,7,431,4,57,5121,276,276,55238,2,4,398,1,4,333,3,52,4884
201407,47,3,6,Tennessee,1537,1537,317449,2,4,606,2,8,494,9,199,16659,1260,1260,268186,1,2,493,1,4,200,6,137,13030
201407,48,3,7,Texas,9329,9329,1910446,75,150,13788,29,111,9286,184,5127,381662,7501,7501,1625668,70,140,12925,27,103,8805,152,4610,344250
201407,49,4,8,Utah,987,987,243786,5,10,1631,16,52,5050,23,292,34965,756,756,183041,3,6,808,4,15,2215,18,260,31180
201407,50,1,1,Vermont,95,95,20695,4,8,1161,0,0,0,2,15,950,54,54,13485,4,8,1161,0,0,0,0,0,0
201407,51,3,5,Virginia,1850,1850,378735,1,2,120,5,19,2202,32,908,73927,1453,1453,304374,1,2,120,5,19,2202,23,670,51507
201407,53,4,9,Washington,1802,1802,509594,46,92,16026,13,44,6441,41,1268,142509,1469,1469,411920,38,76,14317,12,41,6121,30,1137,130355
201407,54,3,5,West Virginia,187,187,37655,0,0,0,3,12,870,1,5,204,146,146,28938,0,0,0,3,12,870,0,0,0
201407,55,2,3,Wisconsin,947,947,225964,34,68,9113,10,37,4038,28,383,30590,570,570,147300,9,18,2773,6,24,2759,7,96,4796
201407,56,4,8,Wyoming,157,157,53037,2,4,384,2,7,567,1,5,428,134,134,33577,2,4,384,2,7,567,0,0,0
201407,US,0,0,United States,60168,60168,13972545,759,1518,213613,378,1365,166178,1424,34577,3867881,48954,48954,11645340,604,1208,180308,308,1128,140815,1006,29055,3373910
201407,R1,1,0,Northeast Region,4902,4902,1129252,136,272,31040,53,178,20555,222,6308,849591,3479,3479,821981,118,236,27268,43,146,16453,112,4750,709222
201407,R2,2,0,Midwest Region,10466,10466,2444173,246,492,51046,99,367,40269,348,6093,607828,8325,8325,1986872,153,306,32796,85,319,35620,229,5041,534961
201407,R3,3,0,South Region,31909,31909,6875541,185,370,59167,128,475,59935,495,13569,1221484,26092,26092,5809224,167,334,55369,106,396,51780,393,11684,1064750
201407,R4,4,0,West Region,12891,12891,3523579,192,384,72360,98,345,45419,359,8607,1188978,11058,11058,3027263,166,332,64875,74,267,36962,272,7580,1064977
201407,D1,1,1,New England Division,1533,1533,387172,36,72,8283,14,47,6461,48,1101,158259,1063,1063,271647,29,58,6587,11,38,5109,18,680,101225
201407,D2,1,2,Middle Atlantic Division,3369,3369,742080,100,200,22757,39,131,14094,174,5207,691332,2416,2416,550334,89,178,20681,32,108,11344,94,4070,607997
201407,D3,2,3,East North Central Divisi,5694,5694,1364449,128,256,30389,84,313,33418,249,3993,397720,4411,4411,1104496,65,130,17278,73,275,29770,168,3312,351941
201407,D4,2,4,West North Central Divisi,4772,4772,1079724,118,236,20657,15,54,6851,99,2100,210108,3914,3914,882376,88,176,15518,12,44,5850,61,1729,183020
201407,D5,3,5,South Atlantic Division,16784,16784,3800490,60,120,35351,76,284,42631,254,7339,750303,14106,14106,3257965,52,104,33441,65,245,37323,207,6298,650813
201407,D6,3,6,East South Central Divisi,3382,3382,669624,26,52,4647,18,63,6464,51,999,82275,2600,2600,521865,22,44,3752,10,34,4570,32,720,65556
201407,D7,3,7,West South Central Divisi,11743,11743,2405427,99,198,19169,34,128,10840,190,5231,388906,9386,9386,2029394,93,186,18176,31,117,9887,154,4666,348381
201407,D8,4,8,Mountain Division,6488,6488,1677456,48,96,12750,51,189,16116,124,3047,318255,5654,5654,1465193,40,80,10431,37,144,12609,101,2787,290014
201407,D9,4,9,Pacific Division,6403,6403,1846123,144,288,59610,47,156,29303,235,5560,870723,5404,5404,1562070,126,252,54444,37,123,24353,171,4793,774963
