Survey,FIPS,Region,Division,State,,1-unit,,,2-units,,,3-4 units,,,5+ units,,,1-unit rep,,,2-units rep,,,3-4 units rep       ,,,5+ units rep
Date,State,Code,Code,Name,Bldgs,Units,Value,Bldgs,Units,Value,Bldgs,Units,Value,      Bldgs,Units,Value,Bldgs,Units,Value,Bldgs,Units,Value,      Bldgs,Units,Value,Bldgs,Units,Value
 
201408,01,3,6,Alabama,708,708,143190,1,2,265,1,4,682,18,407,51812,554,554,108160,1,2,265,1,4,682,17,397,51567
201408,02,4,9,Alaska,89,89,22661,1,2,311,1,3,546,2,12,1577,31,31,6751,0,0,0,0,0,0,2,12,1577
201408,04,4,8,Arizona,1362,1362,347206,2,4,197,1,4,6587,12,734,84740,1147,1147,297457,0,0,0,1,4,6587,7,660,76371
201408,05,3,7,Arkansas,402,402,82614,8,16,940,3,12,723,1,5,291,369,369,77299,5,10,580,1,4,275,0,0,0
201408,06,4,9,California,2756,2756,835780,41,82,16317,26,87,14288,112,2742,382406,2404,2404,735041,35,70,13668,20,67,11546,77,2312,322072
201408,08,4,8,Colorado,1577,1577,463517,14,28,5726,0,0,0,34,932,84675,1427,1427,421914,13,26,5337,0,0,0,30,854,77790
201408,09,1,1,Connecticut,256,256,79938,2,4,486,0,0,0,5,159,9355,214,214,63641,2,4,486,0,0,0,1,132,8000
201408,10,3,5,Delaware,343,343,43893,2,4,793,0,0,0,4,40,3606,262,262,36418,2,4,793,0,0,0,0,0,0
201408,11,3,5,District of Columbia,23,23,4959,1,2,222,0,0,0,4,754,61303,23,23,4959,1,2,222,0,0,0,4,754,61303
201408,12,3,5,Florida,5200,5200,1342526,29,58,8334,24,87,14186,52,1448,168442,4718,4718,1201279,27,54,8079,21,77,12542,41,1244,145189
201408,13,3,5,Georgia,2407,2407,508435,9,18,1863,88,304,27842,27,663,30276,2128,2128,459573,5,10,1281,87,301,27706,24,639,28444
201408,15,4,9,Hawaii,217,217,75896,0,0,0,0,0,0,0,0,0,199,199,66155,0,0,0,0,0,0,0,0,0
201408,16,4,8,Idaho,581,581,133335,5,10,1091,16,64,4430,9,162,16627,511,511,120806,4,8,850,16,64,4430,6,128,13692
201408,17,2,3,Illinois,970,970,239364,4,8,1380,22,76,12411,18,413,56655,801,801,198829,2,4,901,21,73,12066,12,359,51766
201408,18,2,3,Indiana,1201,1201,251371,10,20,2567,3,11,1464,15,197,13816,1052,1052,224495,8,16,2158,3,11,1464,6,108,7578
201408,19,2,4,Iowa,631,631,132493,24,48,5130,29,116,6638,16,167,16390,516,516,111745,20,40,4314,28,112,6359,13,131,12175
201408,20,2,4,Kansas,381,381,88270,10,20,2350,0,0,0,5,96,7218,299,299,66182,7,14,1711,0,0,0,4,91,6901
201408,21,3,6,Kentucky,522,522,92796,7,14,1375,4,14,1696,10,142,6201,313,313,54833,4,8,725,1,3,530,1,5,150
201408,22,3,7,Louisiana,1090,1090,207000,21,42,5373,1,3,472,5,194,33368,622,622,128749,20,40,5223,0,0,0,1,140,29950
201408,23,1,1,Maine,220,220,43639,1,2,160,1,4,540,5,68,8772,109,109,21979,0,0,0,1,4,540,3,52,5992
201408,24,3,5,Maryland,1063,1063,221433,3,6,1220,2,7,974,11,269,30995,1027,1027,215283,3,6,1220,1,3,450,8,121,18696
201408,25,1,1,Massachusetts,533,533,152082,42,84,13362,4,13,2126,24,482,61621,348,348,104340,38,76,11954,1,4,836,9,246,27553
201408,26,2,3,Michigan,1217,1217,281923,7,14,1908,5,18,1863,18,294,35937,860,860,207745,5,10,1384,3,12,1484,11,247,31155
201408,27,2,4,Minnesota,1073,1073,271240,5,10,1127,5,16,3669,22,585,95671,855,855,218796,3,6,800,3,10,2692,8,502,85213
201408,28,3,6,Mississippi,443,443,78807,1,2,172,5,19,576,2,10,250,333,333,57213,0,0,0,0,0,0,0,0,0
201408,29,2,4,Missouri,736,736,165374,12,24,2774,5,16,1307,9,326,28065,626,626,138182,11,22,2659,4,13,1029,6,240,24550
201408,30,4,8,Montana,167,167,43953,9,18,2672,3,10,1334,6,127,10177,151,151,40813,8,16,2407,3,10,1334,6,127,10177
201408,31,2,4,Nebraska,484,484,97714,2,4,474,0,0,0,4,307,45148,454,454,91617,2,4,474,0,0,0,4,307,45148
201408,32,4,8,Nevada,762,762,147672,9,18,644,0,0,0,29,450,33801,755,755,146454,9,18,644,0,0,0,29,450,33801
201408,33,1,1,New Hampshire,212,212,46166,3,6,945,2,8,635,8,191,22776,160,160,35347,2,4,616,2,8,635,6,176,21222
201408,34,1,2,New Jersey,827,827,168623,22,44,6527,10,34,2464,69,1110,87052,571,571,120781,16,32,4626,6,22,1377,22,508,33677
201408,35,4,8,New Mexico,391,391,69439,2,4,479,5,17,1251,2,16,1221,220,220,35653,0,0,0,2,8,496,0,0,0
201408,36,1,2,New York,753,753,205795,35,70,8412,20,67,8234,86,2022,171554,506,506,143782,32,64,7876,19,64,7327,62,1864,159483
201408,37,3,5,North Carolina,3169,3169,651727,14,28,2758,8,30,2783,63,1698,127403,2701,2701,558081,13,26,2607,6,24,2288,60,1608,116998
201408,38,2,4,North Dakota,427,427,91061,0,0,0,1,4,858,13,506,36387,310,310,66825,0,0,0,0,0,0,11,432,30252
201408,39,2,3,Ohio,1194,1194,290001,22,44,3973,9,35,5562,69,1187,79122,928,928,238751,16,32,3386,8,32,5245,45,1036,74831
201408,40,3,7,Oklahoma,878,878,179613,10,20,2978,4,16,1610,2,24,950,737,737,157027,10,20,2978,4,16,1610,2,24,950
201408,41,4,9,Oregon,648,648,168555,4,8,1218,0,0,0,27,394,47275,579,579,151822,4,8,1218,0,0,0,25,384,46525
201408,42,1,2,Pennsylvania,1186,1186,250583,12,24,2779,11,40,3275,22,349,25159,923,923,198056,10,20,2259,9,34,2320,16,296,20394
201408,44,1,1,Rhode Island,69,69,16698,1,2,184,0,0,0,2,11,1003,51,51,12310,0,0,0,0,0,0,1,6,678
201408,45,3,5,South Carolina,1898,1898,439858,4,8,821,1,3,585,15,242,17446,1379,1379,327485,2,4,234,1,3,585,8,140,10523
201408,46,2,4,South Dakota,246,246,47599,1,2,255,2,6,694,11,137,10956,212,212,40660,1,2,255,1,3,269,9,126,10308
201408,47,3,6,Tennessee,1740,1740,316108,6,12,1691,3,10,672,6,78,2324,1579,1579,291056,6,12,1691,2,6,378,6,78,2324
201408,48,3,7,Texas,8408,8408,1730054,69,138,11416,54,195,13174,247,6575,543163,7064,7064,1512165,67,134,10868,41,153,10688,223,6303,524162
201408,49,4,8,Utah,1027,1027,254708,5,10,1446,9,32,4788,14,179,18075,804,804,201808,4,8,1272,6,23,3440,10,151,14445
201408,50,1,1,Vermont,93,93,17916,2,4,554,2,6,723,4,74,6719,67,67,12742,2,4,554,1,3,458,2,64,5670
201408,51,3,5,Virginia,1706,1706,356746,4,8,761,2,8,961,7,403,36490,1362,1362,286515,3,6,478,2,8,961,3,192,15006
201408,53,4,9,Washington,1520,1520,424830,57,114,15832,21,68,8959,34,1494,163281,1294,1294,363109,51,102,14616,20,65,8640,26,1389,153145
201408,54,3,5,West Virginia,150,150,25365,0,0,0,0,0,0,6,80,6347,143,143,24096,0,0,0,0,0,0,6,80,6347
201408,55,2,3,Wisconsin,965,965,225519,13,26,3657,4,14,1227,39,549,45682,681,681,160336,9,18,2461,2,8,600,21,322,25257
201408,56,4,8,Wyoming,117,117,32965,1,2,245,0,0,0,1,5,428,92,92,27335,0,0,0,0,0,0,0,0,0
201408,US,0,0,United States,55038,55038,12609012,569,1138,146164,417,1481,162807,1226,29509,2830012,45471,45471,10592452,483,966,126129,348,1256,139868,894,25437,2449007
201408,R1,1,0,Northeast Region,4149,4149,981441,120,240,33409,50,172,17997,225,4466,394012,2949,2949,712978,102,204,28371,39,139,13492,122,3344,282669
201408,R2,2,0,Midwest Region,9525,9525,2181929,110,220,25596,85,312,35693,239,4764,471047,7594,7594,1764164,84,168,20503,73,274,31210,150,3901,405134
201408,R3,3,0,South Region,30150,30150,6425124,189,378,40981,200,712,66935,480,13032,1120670,25314,25314,5500192,169,338,37243,168,602,58695,404,11725,1011609
201408,R4,4,0,West Region,11214,11214,3020518,150,300,46178,82,285,42182,282,7247,844283,9614,9614,2615118,128,256,40012,68,241,36471,218,6467,749595
201408,D1,1,1,New England Division,1383,1383,356439,51,102,15691,9,31,4024,48,985,110246,949,949,250359,44,88,13610,5,19,2469,22,676,69115
201408,D2,1,2,Middle Atlantic Division,2766,2766,625002,69,138,17718,41,141,13973,177,3481,283766,2000,2000,462619,58,116,14761,34,120,11023,100,2668,213554
201408,D3,2,3,East North Central Divisi,5547,5547,1288177,56,112,13486,43,154,22527,159,2640,231212,4322,4322,1030156,40,80,10289,37,136,20860,95,2072,190587
201408,D4,2,4,West North Central Divisi,3978,3978,893752,54,108,12110,42,158,13166,80,2124,239835,3272,3272,734008,44,88,10214,36,138,10350,55,1829,214547
201408,D5,3,5,South Atlantic Division,15959,15959,3594942,66,132,16772,125,439,47330,189,5597,482310,13743,13743,3113690,56,112,14913,118,416,44532,154,4778,402506
201408,D6,3,6,East South Central Divisi,3413,3413,630901,15,30,3503,13,47,3626,36,637,60587,2779,2779,511262,11,22,2681,4,13,1590,24,480,54041
201408,D7,3,7,West South Central Divisi,10778,10778,2199281,108,216,20706,62,226,15979,255,6798,577773,8792,8792,1875240,102,204,19649,46,173,12573,226,6467,555062
201408,D8,4,8,Mountain Division,5984,5984,1492797,47,94,12500,34,127,18389,107,2605,249744,5107,5107,1292239,38,76,10510,28,109,16286,88,2370,226276
201408,D9,4,9,Pacific Division,5230,5230,1527721,103,206,33678,48,158,23793,175,4642,594539,4507,4507,1322879,90,180,29502,40,132,20185,130,4097,523319
