Survey,FIPS,Region,Division,State,,1-unit,,,2-units,,,3-4 units,,,5+ units,,,1-unit rep,,,2-units rep,,,3-4 units rep       ,,,5+ units rep
Date,State,Code,Code,Name,Bldgs,Units,Value,Bldgs,Units,Value,Bldgs,Units,Value,      Bldgs,Units,Value,Bldgs,Units,Value,Bldgs,Units,Value,      Bldgs,Units,Value,Bldgs,Units,Value
 
201406,01,3,6,Alabama,827,827,167607,2,4,579,7,25,3935,28,432,31517,639,639,131484,2,4,579,7,25,3935,26,420,31028
201406,02,4,9,Alaska,92,92,24812,6,12,1448,2,7,782,0,0,0,22,22,5063,3,6,565,1,3,54,0,0,0
201406,04,4,8,Arizona,1877,1877,457303,4,8,481,6,23,2534,7,576,71928,1552,1552,382935,1,2,186,5,20,2236,4,520,65345
201406,05,3,7,Arkansas,393,393,80112,21,42,2549,3,12,480,5,96,7441,346,346,71250,21,42,2549,3,12,480,4,91,7186
201406,06,4,9,California,4461,4461,1286193,50,100,18556,42,153,24420,132,2594,387392,3666,3666,1063141,39,78,14100,28,106,16649,99,2165,327148
201406,08,4,8,Colorado,1770,1770,497666,34,68,12340,1,4,530,13,732,83954,1630,1630,456964,33,66,11951,1,4,530,11,695,81105
201406,09,1,1,Connecticut,255,255,80962,1,2,195,6,24,1680,37,1036,87909,195,195,68567,1,2,195,6,24,1680,33,983,82683
201406,10,3,5,Delaware,328,328,42650,3,6,550,3,12,1030,5,43,4044,244,244,34937,3,6,550,3,12,1030,1,6,780
201406,11,3,5,District of Columbia,24,24,5174,2,4,444,0,0,0,1,27,2195,24,24,5174,2,4,444,0,0,0,1,27,2195
201406,12,3,5,Florida,5046,5046,1337353,25,50,6289,17,62,9663,103,2515,308460,4462,4462,1176091,23,46,5757,12,44,7098,85,2225,277875
201406,13,3,5,Georgia,2415,2415,490099,2,4,283,8,29,4862,20,697,73063,2018,2018,417601,0,0,0,7,26,4726,18,676,71458
201406,15,4,9,Hawaii,201,201,103095,4,8,5750,0,0,0,2,108,18052,183,183,93354,4,8,5750,0,0,0,2,108,18052
201406,16,4,8,Idaho,626,626,134652,6,12,1399,19,75,5182,10,117,11648,576,576,124516,3,6,675,19,75,5182,7,74,6038
201406,17,2,3,Illinois,963,963,237893,26,52,6401,3,10,1168,52,1152,96355,781,781,193523,22,44,5258,2,7,687,43,1065,87843
201406,18,2,3,Indiana,1276,1276,285914,11,22,2710,5,18,1712,48,773,54863,1067,1067,246119,8,16,2189,4,15,1505,35,625,44955
201406,19,2,4,Iowa,827,827,183183,7,14,1826,2,7,632,12,236,20094,612,612,141255,3,6,1010,1,3,353,4,153,13171
201406,20,2,4,Kansas,394,394,98333,23,46,4702,1,4,480,8,169,21707,192,192,49129,15,30,3129,1,4,480,5,133,18198
201406,21,3,6,Kentucky,751,751,110505,3,6,474,5,17,1329,8,118,5212,524,524,68995,0,0,0,3,11,738,0,0,0
201406,22,3,7,Louisiana,1062,1062,214023,9,18,1529,1,3,472,6,131,10000,511,511,113809,7,14,1196,0,0,0,1,75,6098
201406,23,1,1,Maine,312,312,61125,1,2,160,0,0,0,6,70,5912,166,166,33096,0,0,0,0,0,0,2,28,1650
201406,24,3,5,Maryland,1029,1029,216815,2,4,498,1,4,524,22,392,28284,978,978,208136,0,0,0,0,0,0,17,258,17046
201406,25,1,1,Massachusetts,655,655,183370,10,20,3111,9,27,3413,22,589,107213,477,477,138434,6,12,1938,6,18,2509,5,301,66732
201406,26,2,3,Michigan,1360,1360,316284,38,76,7606,7,24,2647,19,206,21130,958,958,238996,37,74,7342,5,18,2049,12,151,15705
201406,27,2,4,Minnesota,1115,1115,274999,6,12,1519,15,49,4421,20,732,102046,900,900,230161,5,10,1180,5,19,2546,6,631,90712
201406,28,3,6,Mississippi,381,381,67801,12,24,1019,3,12,359,1,5,125,298,298,56027,11,22,847,0,0,0,0,0,0
201406,29,2,4,Missouri,819,819,201561,27,54,5167,5,18,1562,22,876,89881,701,701,172022,16,32,3670,5,18,1562,17,766,85368
201406,30,4,8,Montana,226,226,50817,9,18,2294,8,29,2263,3,47,5811,198,198,45646,6,12,1521,8,29,2263,3,47,5811
201406,31,2,4,Nebraska,557,557,116888,3,6,598,0,0,0,4,150,8720,380,380,77054,3,6,598,0,0,0,2,84,6403
201406,32,4,8,Nevada,971,971,190449,1,2,72,2,8,614,10,95,8706,961,961,188608,1,2,72,2,8,614,10,95,8706
201406,33,1,1,New Hampshire,214,214,48876,8,16,2293,2,6,858,5,175,13741,182,182,39533,8,16,2293,0,0,0,3,158,11814
201406,34,1,2,New Jersey,917,917,197693,29,58,7454,11,33,3819,71,1255,133747,599,599,133843,22,44,5501,7,21,1918,9,492,76929
201406,35,4,8,New Mexico,329,329,66795,2,4,397,3,12,1006,1,5,208,195,195,42341,1,2,114,0,0,0,0,0,0
201406,36,1,2,New York,981,981,299517,51,102,12808,26,93,9133,99,1604,146520,695,695,235600,49,98,12381,23,84,7609,48,1266,120584
201406,37,3,5,North Carolina,3106,3106,662045,8,16,1798,4,14,1376,23,627,67078,2508,2508,542584,7,14,1647,2,8,881,18,543,56712
201406,38,2,4,North Dakota,1090,1090,206999,1,2,279,1,4,900,22,728,58817,1024,1024,196490,1,2,279,1,4,900,22,728,58817
201406,39,2,3,Ohio,1275,1275,303701,43,86,10882,13,47,8646,30,465,29528,1006,1006,250742,27,54,8174,12,44,8329,6,283,24825
201406,40,3,7,Oklahoma,884,884,184434,11,22,3144,2,8,422,24,428,29171,776,776,168433,11,22,3144,2,8,422,24,428,29171
201406,41,4,9,Oregon,855,855,219179,17,34,6044,5,19,2139,10,365,45480,676,676,176142,16,32,5714,2,7,811,8,317,42764
201406,42,1,2,Pennsylvania,1302,1302,272909,8,16,2240,17,56,5133,33,857,173741,964,964,206128,6,12,1776,15,50,4540,28,803,169899
201406,44,1,1,Rhode Island,87,87,21056,1,2,184,0,0,0,0,0,0,66,66,16406,0,0,0,0,0,0,0,0,0
201406,45,3,5,South Carolina,1964,1964,434475,16,32,1656,0,0,0,9,133,9996,1230,1230,264365,16,32,1656,0,0,0,0,0,0
201406,46,2,4,South Dakota,365,365,67476,6,12,1586,1,3,450,5,39,3389,287,287,52453,6,12,1586,1,3,450,3,26,2448
201406,47,3,6,Tennessee,1574,1574,318099,13,26,1278,14,45,2479,9,405,28979,1317,1317,274504,12,24,1166,3,12,780,7,355,26052
201406,48,3,7,Texas,9065,9065,1908910,51,102,10441,21,75,5665,170,3706,301450,7166,7166,1625141,40,80,8648,13,44,3224,138,3354,274610
201406,49,4,8,Utah,1122,1122,271717,9,18,1747,20,67,6989,11,185,18417,843,843,204724,6,12,1147,6,24,3355,7,158,15753
201406,50,1,1,Vermont,127,127,28177,3,6,633,3,10,1267,3,15,1018,75,75,19040,3,6,633,3,10,1267,0,0,0
201406,51,3,5,Virginia,1800,1800,396203,8,16,1233,3,11,1109,16,1251,149504,1514,1514,343063,7,14,1173,3,11,1109,13,1117,136505
201406,53,4,9,Washington,1730,1730,495690,185,370,36245,13,44,7280,28,839,101537,1438,1438,414373,173,346,33726,12,41,7141,20,751,93029
201406,54,3,5,West Virginia,167,167,31165,0,0,0,1,4,550,1,5,204,134,134,25322,0,0,0,1,4,550,0,0,0
201406,55,2,3,Wisconsin,938,938,208224,11,22,3542,5,17,1925,34,528,44730,576,576,136193,8,16,2767,3,11,1065,13,220,17835
201406,56,4,8,Wyoming,179,179,61111,2,4,791,0,0,0,1,6,467,119,119,34023,1,2,260,0,0,0,0,0,0
201406,US,0,0,United States,61084,61084,14222089,831,1662,197226,346,1224,137840,1231,28335,3031385,48651,48651,11633528,695,1390,167037,243,887,103260,820,23401,2597037
201406,R1,1,0,Northeast Region,4850,4850,1193686,112,224,29079,74,249,25303,276,5601,669800,3419,3419,890646,95,190,24719,60,207,19524,128,4031,530291
201406,R2,2,0,Midwest Region,10979,10979,2501454,202,404,46819,58,201,24542,276,6054,551261,8484,8484,1984135,151,302,37183,40,146,19926,168,4865,466280
201406,R3,3,0,South Region,30816,30816,6667470,188,376,33763,93,333,34256,451,11011,1056724,24689,24689,5526916,162,324,29355,59,217,24976,353,9575,936716
201406,R4,4,0,West Region,14439,14439,3859479,329,658,87565,121,441,53739,228,5669,753600,12059,12059,3231831,287,574,75780,84,317,38834,171,4930,663750
201406,D1,1,1,New England Division,1650,1650,423567,24,48,6577,20,67,7218,73,1885,215792,1161,1161,315075,18,36,5060,15,52,5457,43,1470,162879
201406,D2,1,2,Middle Atlantic Division,3200,3200,770119,88,176,22502,54,182,18085,203,3716,454008,2258,2258,575571,77,154,19659,45,155,14067,85,2561,367412
201406,D3,2,3,East North Central Divisi,5812,5812,1352015,129,258,31141,33,116,16097,183,3124,246607,4388,4388,1065572,102,204,25730,26,95,13635,109,2344,191163
201406,D4,2,4,West North Central Divisi,5167,5167,1149439,73,146,15678,25,85,8445,93,2930,304654,4096,4096,918563,49,98,11453,14,51,6291,59,2521,275117
201406,D5,3,5,South Atlantic Division,15879,15879,3615978,66,132,12750,37,136,19114,200,5690,642830,13112,13112,3017275,58,116,11227,28,105,15395,153,4852,562571
201406,D6,3,6,East South Central Divisi,3533,3533,664013,30,60,3349,29,99,8103,46,960,65833,2778,2778,531009,25,50,2591,13,48,5454,33,775,57080
201406,D7,3,7,West South Central Divisi,11404,11404,2387479,92,184,17664,27,98,7039,205,4361,348061,8799,8799,1978632,79,158,15537,18,64,4127,167,3948,317065
201406,D8,4,8,Mountain Division,7100,7100,1730510,67,134,19522,59,218,19118,56,1763,201139,6074,6074,1479757,52,104,15925,41,160,14179,42,1589,182757
201406,D9,4,9,Pacific Division,7339,7339,2128969,262,524,68043,62,223,34621,172,3906,552461,5985,5985,1752074,235,470,59855,43,157,24655,129,3341,480993
