Survey,FIPS,Region,Division,State,,1-unit,,,2-units,,,3-4 units,,,5+ units,,,1-unit rep,,,2-units rep,,,3-4 units rep       ,,,5+ units rep
Date,State,Code,Code,Name,Bldgs,Units,Value,Bldgs,Units,Value,Bldgs,Units,Value,      Bldgs,Units,Value,Bldgs,Units,Value,Bldgs,Units,Value,      Bldgs,Units,Value,Bldgs,Units,Value
 
201509,01,3,6,Alabama,853,853,186168,6,12,720,1,4,200,4,92,5918,644,644,140714,6,12,720,0,0,0,2,72,3324
201509,02,4,9,Alaska,90,90,24123,2,4,343,1,3,515,2,17,2688,14,14,2751,0,0,0,0,0,0,0,0,0
201509,04,4,8,Arizona,1945,1945,512625,7,14,964,3,10,1331,27,534,76437,1812,1812,484239,5,10,767,3,10,1331,13,386,59739
201509,05,3,7,Arkansas,451,451,96305,26,52,6839,0,0,0,3,61,4626,377,377,83718,26,52,6839,0,0,0,1,36,2975
201509,06,4,9,California,3315,3315,1041021,36,72,15162,16,55,9970,142,4534,663599,2694,2694,855494,30,60,11667,9,30,5802,107,3830,558644
201509,08,4,8,Colorado,1606,1606,483266,14,28,3991,22,86,20078,35,1021,118742,1481,1481,455436,12,24,3333,20,80,19177,33,997,116274
201509,09,1,1,Connecticut,225,225,78149,6,12,1171,4,14,1404,14,261,21634,166,166,54104,3,6,808,1,3,274,9,233,19187
201509,10,3,5,Delaware,333,333,50197,6,12,1240,1,4,561,6,57,2324,328,328,49806,6,12,1240,1,4,561,5,48,2180
201509,11,3,5,District of Columbia,16,16,3611,12,24,2639,1,4,484,2,359,34011,16,16,3611,12,24,2639,1,4,484,2,359,34011
201509,12,3,5,Florida,5796,5796,1513532,41,82,10248,40,153,30966,145,4359,523779,5402,5402,1421988,39,78,9540,36,141,29113,133,4147,496004
201509,13,3,5,Georgia,2622,2622,522324,7,14,1647,4,15,2150,12,179,16672,2152,2152,428107,4,8,1221,3,11,1968,5,49,7116
201509,15,4,9,Hawaii,168,168,74985,3,6,1539,0,0,0,0,0,0,168,168,74985,3,6,1539,0,0,0,0,0,0
201509,16,4,8,Idaho,636,636,134548,11,22,2531,7,28,2310,11,173,11481,569,569,120346,10,20,2241,7,28,2310,11,173,11481
201509,17,2,3,Illinois,1063,1063,275295,17,34,4835,19,67,6654,34,364,41855,776,776,212966,12,24,3440,19,67,6654,24,280,31024
201509,18,2,3,Indiana,1046,1046,241000,7,14,2023,9,34,4221,47,778,135474,877,877,209268,5,10,1797,8,31,3921,39,699,129349
201509,19,2,4,Iowa,600,600,141265,18,36,4291,3,11,1067,19,614,77574,506,506,119634,18,36,4291,3,11,1067,17,603,76118
201509,20,2,4,Kansas,456,456,107891,10,20,2220,1,4,590,25,437,54613,286,286,69454,3,6,652,0,0,0,23,411,53342
201509,21,3,6,Kentucky,648,648,115361,10,20,1336,4,14,1172,30,290,13616,399,399,72389,3,6,395,2,8,589,12,125,3289
201509,22,3,7,Louisiana,1150,1150,236775,27,54,3225,3,10,1203,6,53,7260,650,650,137839,11,22,633,0,0,0,4,28,2724
201509,23,1,1,Maine,278,278,46907,1,2,199,3,12,1140,6,148,21015,167,167,29227,0,0,0,3,12,1140,5,143,20800
201509,24,3,5,Maryland,823,823,177042,6,12,1004,0,0,0,8,624,58021,768,768,167697,0,0,0,0,0,0,5,556,51191
201509,25,1,1,Massachusetts,705,705,195931,15,30,5025,6,19,2419,33,1264,221529,411,411,122391,7,14,2685,3,10,1277,20,1137,206236
201509,26,2,3,Michigan,1357,1357,339714,15,30,4871,6,22,2172,45,792,101277,1077,1077,279388,5,10,1208,4,16,1855,13,151,20175
201509,27,2,4,Minnesota,1144,1144,291931,10,20,1800,1,3,687,42,1171,123041,860,860,232721,0,0,0,0,0,0,11,1016,110621
201509,28,3,6,Mississippi,542,542,102040,35,70,4270,4,16,717,9,141,6671,333,333,66109,34,68,4098,0,0,0,7,126,5699
201509,29,2,4,Missouri,824,824,183977,13,26,1981,5,17,1957,40,531,40724,708,708,152574,10,20,1548,5,17,1957,33,403,32858
201509,30,4,8,Montana,176,176,41741,7,14,2251,7,28,1439,13,141,13275,176,176,41741,7,14,2251,7,28,1439,12,136,12682
201509,31,2,4,Nebraska,482,482,93135,3,6,664,1,3,160,5,127,10375,353,353,67044,2,4,470,1,3,160,2,22,507
201509,32,4,8,Nevada,780,780,169717,0,0,0,0,0,0,0,0,0,777,777,169126,0,0,0,0,0,0,0,0,0
201509,33,1,1,New Hampshire,236,236,64950,3,6,652,0,0,0,4,81,9195,168,168,50793,2,4,542,0,0,0,2,56,5381
201509,34,1,2,New Jersey,868,868,195891,31,62,7264,63,215,4837,66,1070,78329,577,577,140095,20,40,5328,57,197,2544,14,337,15742
201509,35,4,8,New Mexico,326,326,66515,1,2,314,0,0,0,1,5,208,267,267,53382,1,2,314,0,0,0,0,0,0
201509,36,1,2,New York,1201,1201,302890,65,130,16791,32,108,12369,63,1077,134978,888,888,231175,48,96,12304,25,85,9145,39,900,110453
201509,37,3,5,North Carolina,2870,2870,651141,4,8,655,1,4,315,27,1023,114984,2316,2316,526384,4,8,655,1,4,315,21,866,102272
201509,38,2,4,North Dakota,325,325,72593,1,2,699,1,4,360,20,395,43179,251,251,58693,1,2,699,1,4,360,14,250,23978
201509,39,2,3,Ohio,1242,1242,307394,12,24,3070,9,32,3861,34,1119,110048,1077,1077,268864,7,14,2516,7,26,3241,29,1078,108441
201509,40,3,7,Oklahoma,871,871,188077,20,40,5127,3,11,938,6,151,9764,468,468,109587,15,30,4159,2,8,718,3,60,2593
201509,41,4,9,Oregon,922,922,238189,14,28,5185,25,96,20574,25,628,126523,829,829,217417,14,28,5185,25,96,20574,25,628,126523
201509,42,1,2,Pennsylvania,1176,1176,245788,67,134,17599,41,149,10924,30,753,89065,753,753,163430,64,128,16861,9,31,2888,15,655,80371
201509,44,1,1,Rhode Island,81,81,14590,2,4,416,4,13,1360,0,0,0,55,55,8990,0,0,0,3,10,1114,0,0,0
201509,45,3,5,South Carolina,2075,2075,489059,1,2,200,3,10,1221,32,997,77175,1425,1425,353354,1,2,200,0,0,0,20,747,58849
201509,46,2,4,South Dakota,260,260,52487,16,32,4191,14,49,6330,3,26,2316,225,225,45396,16,32,4191,12,42,5959,1,16,1350
201509,47,3,6,Tennessee,1939,1939,408410,6,12,1020,28,111,7539,9,184,18127,1435,1435,322432,5,10,920,28,111,7539,7,159,16559
201509,48,3,7,Texas,8601,8601,1776048,133,266,39398,16,61,4172,125,4261,356161,6931,6931,1495504,112,224,35805,13,52,3659,104,3508,294345
201509,49,4,8,Utah,1246,1246,330056,1,2,341,17,65,8548,39,451,43863,947,947,259437,0,0,0,10,40,4897,29,287,28600
201509,50,1,1,Vermont,64,64,16397,4,8,1156,2,8,500,4,89,8517,31,31,7534,4,8,1156,2,8,500,2,78,7820
201509,51,3,5,Virginia,2036,2036,361200,11,22,1448,2,8,305,11,512,44749,1740,1740,308842,10,20,1174,2,8,305,8,406,32302
201509,53,4,9,Washington,1681,1681,477478,40,80,17141,17,61,9072,56,1788,289733,1384,1384,398700,34,68,15057,16,58,8672,49,1662,277360
201509,54,3,5,West Virginia,171,171,27222,2,4,223,3,12,1170,2,10,404,149,149,22906,1,2,100,3,12,1170,0,0,0
201509,55,2,3,Wisconsin,999,999,243403,26,52,5998,32,127,5137,30,578,60259,784,784,190012,24,48,5707,31,124,4690,20,484,52728
201509,56,4,8,Wyoming,123,123,31838,1,2,500,0,0,0,1,6,218,80,80,19628,0,0,0,0,0,0,1,6,218
201509,US,0,0,United States,59443,59443,14042191,832,1664,218414,485,1780,195097,1353,34326,4026027,47727,47727,11577419,656,1312,178893,383,1430,159368,951,28349,3413434
201509,R1,1,0,Northeast Region,4834,4834,1161493,194,388,50273,155,538,34953,220,4743,584262,3216,3216,807738,148,296,39684,103,356,18881,106,3539,465990
201509,R2,2,0,Midwest Region,9798,9798,2350084,148,296,36641,101,373,33196,344,6932,800735,7780,7780,1906012,103,206,26518,91,341,29863,226,5413,640491
201509,R3,3,0,South Region,31797,31797,6904511,353,706,81239,114,437,53112,437,13353,1294264,25533,25533,5710987,289,578,70337,92,363,46422,339,11292,1115433
201509,R4,4,0,West Region,13014,13014,3626103,137,274,50261,115,432,73836,352,9298,1346766,11198,11198,3152682,116,232,42354,97,370,64202,280,8105,1191520
201509,D1,1,1,New England Division,1589,1589,416924,31,62,8618,19,66,6823,61,1843,281890,998,998,273038,16,32,5191,12,43,4305,38,1647,259424
201509,D2,1,2,Middle Atlantic Division,3245,3245,744569,163,326,41655,136,472,28130,159,2900,302372,2218,2218,534700,132,264,34493,91,313,14576,68,1892,206566
201509,D3,2,3,East North Central Divisi,5707,5707,1406805,77,154,20797,75,282,22045,190,3631,448913,4591,4591,1160497,53,106,14668,69,264,20360,125,2692,341716
201509,D4,2,4,West North Central Divisi,4091,4091,943279,71,142,15844,26,91,11151,154,3301,351822,3189,3189,745515,50,100,11850,22,77,9503,101,2721,298775
201509,D5,3,5,South Atlantic Division,16742,16742,3795327,90,180,19304,55,210,37172,245,8120,872120,14296,14296,3282695,77,154,16768,47,184,33916,199,7178,783926
201509,D6,3,6,East South Central Divisi,3982,3982,811979,57,114,7346,37,145,9628,52,707,44332,2811,2811,601643,48,96,6133,30,119,8129,28,482,28871
201509,D7,3,7,West South Central Divisi,11073,11073,2297205,206,412,54589,22,82,6312,140,4526,377812,8426,8426,1826649,164,328,47436,15,60,4377,112,3632,302636
201509,D8,4,8,Mountain Division,6838,6838,1770306,42,84,10891,56,217,33706,127,2331,264223,6109,6109,1603334,35,70,8907,47,186,29154,99,1985,228993
201509,D9,4,9,Pacific Division,6176,6176,1855797,95,190,39370,59,215,40130,225,6967,1082543,5089,5089,1549348,81,162,33447,50,184,35048,181,6120,962527
