Survey,FIPS,Region,Division,State,,1-unit,,,2-units,,,3-4 units,,,5+ units,,,1-unit rep,,,2-units rep,,,3-4 units rep       ,,,5+ units rep
Date,State,Code,Code,Name,Bldgs,Units,Value,Bldgs,Units,Value,Bldgs,Units,Value,      Bldgs,Units,Value,Bldgs,Units,Value,Bldgs,Units,Value,      Bldgs,Units,Value,Bldgs,Units,Value
 
201503,01,3,6,Alabama,857,857,175651,5,10,1741,2,6,485,5,87,10457,651,651,131261,5,10,1741,0,0,0,1,67,8104
201503,02,4,9,Alaska,70,70,19219,5,10,1529,1,3,546,0,0,0,16,16,3555,3,6,895,0,0,0,0,0,0
201503,04,4,8,Arizona,1918,1918,498108,26,52,6492,1,4,336,37,725,124835,1682,1682,442477,23,46,5876,1,4,336,23,503,101005
201503,05,3,7,Arkansas,492,492,104030,11,22,2640,0,0,0,2,13,688,405,405,90531,11,22,2640,0,0,0,0,0,0
201503,06,4,9,California,3587,3587,1080378,56,112,19868,22,76,13699,179,5432,854904,2978,2978,909251,48,96,16859,12,46,8690,138,4821,778892
201503,08,4,8,Colorado,1597,1597,462851,19,38,7270,2,7,880,28,1151,60732,1499,1499,439745,16,32,6284,1,4,528,15,1078,55745
201503,09,1,1,Connecticut,196,196,49941,3,6,422,2,7,660,9,283,35065,141,141,27834,2,4,295,0,0,0,4,247,32546
201503,10,3,5,Delaware,345,345,44040,1,2,369,1,3,571,6,58,6728,248,248,35161,1,2,369,1,3,571,3,19,2949
201503,11,3,5,District of Columbia,23,23,4959,14,28,3105,0,0,0,2,351,28538,23,23,4959,14,28,3105,0,0,0,2,351,28538
201503,12,3,5,Florida,5285,5285,1434078,24,48,6921,17,65,12161,133,3043,503194,4781,4781,1306558,22,44,6358,17,65,12161,120,2810,471793
201503,13,3,5,Georgia,2696,2696,559810,8,16,1144,3,12,1483,12,953,107101,2313,2313,485091,5,10,693,2,8,1301,7,850,99424
201503,15,4,9,Hawaii,151,151,64556,0,0,0,0,0,0,0,0,0,136,136,56439,0,0,0,0,0,0,0,0,0
201503,16,4,8,Idaho,614,614,130232,15,30,2895,7,27,1665,4,64,8491,563,563,120482,11,22,2250,6,24,1374,0,0,0
201503,17,2,3,Illinois,817,817,202771,8,16,3081,13,48,8912,20,598,120892,625,625,157267,6,12,2481,13,48,8912,15,558,117541
201503,18,2,3,Indiana,1069,1069,237687,8,16,1669,1,3,207,19,154,11130,958,958,216575,7,14,1559,0,0,0,14,105,8132
201503,19,2,4,Iowa,677,677,151243,20,40,4056,0,0,0,9,117,18414,590,590,134518,18,36,3691,0,0,0,7,94,15695
201503,20,2,4,Kansas,407,407,89452,6,12,1285,4,13,1931,9,206,23746,256,256,56782,3,6,695,4,13,1931,7,189,22722
201503,21,3,6,Kentucky,520,520,98889,6,12,1077,8,29,1857,10,140,6503,268,268,52254,4,8,830,6,22,1085,2,15,758
201503,22,3,7,Louisiana,1199,1199,244604,14,28,2848,2,7,405,3,41,2771,854,854,178945,14,28,2848,2,7,405,0,0,0
201503,23,1,1,Maine,141,141,30440,0,0,0,0,0,0,7,132,16037,79,79,19508,0,0,0,0,0,0,4,87,11528
201503,24,3,5,Maryland,878,878,189283,1,2,130,2,8,619,9,147,12547,747,747,165523,0,0,0,1,4,95,7,58,4478
201503,25,1,1,Massachusetts,390,390,100298,12,24,4374,18,55,6417,34,855,111655,214,214,54803,6,12,2714,5,15,2082,5,310,46118
201503,26,2,3,Michigan,934,934,229467,26,52,5546,4,14,1633,10,117,15253,681,681,179701,16,32,3759,2,8,1301,6,89,12437
201503,27,2,4,Minnesota,824,824,221414,0,0,0,8,29,3547,26,645,115090,679,679,187167,0,0,0,8,29,3547,14,580,112042
201503,28,3,6,Mississippi,523,523,88817,1,2,188,2,7,450,2,15,972,302,302,53977,1,2,188,0,0,0,0,0,0
201503,29,2,4,Missouri,747,747,175809,12,24,2662,1,3,330,33,643,58637,656,656,152133,9,18,2136,1,3,330,19,508,50361
201503,30,4,8,Montana,182,182,42674,11,22,2849,9,32,3247,2,40,3269,181,181,42523,11,22,2849,9,32,3247,2,40,3269
201503,31,2,4,Nebraska,456,456,91142,1,2,206,0,0,0,3,46,1920,338,338,66861,0,0,0,0,0,0,0,0,0
201503,32,4,8,Nevada,1059,1059,190567,0,0,0,9,28,622,9,151,9855,1056,1056,189991,0,0,0,9,28,622,9,151,9855
201503,33,1,1,New Hampshire,114,114,23660,2,4,729,1,3,444,2,80,11030,93,93,19587,1,2,400,0,0,0,1,66,9500
201503,34,1,2,New Jersey,837,837,180388,26,52,5873,8,26,2946,66,939,77017,582,582,131251,15,30,3424,1,3,205,11,73,2821
201503,35,4,8,New Mexico,350,350,71391,1,2,123,3,10,886,1,5,208,234,234,50066,0,0,0,0,0,0,0,0,0
201503,36,1,2,New York,710,710,197374,67,134,16578,18,60,6217,84,3788,373440,457,457,144781,52,104,12568,16,53,5547,63,3634,359406
201503,37,3,5,North Carolina,3353,3353,702246,5,10,828,1,4,315,33,643,49304,2900,2900,603068,4,8,640,1,4,315,27,415,36491
201503,38,2,4,North Dakota,160,160,34567,0,0,0,1,3,234,6,324,31557,123,123,26339,0,0,0,0,0,0,2,182,13950
201503,39,2,3,Ohio,1056,1056,254481,9,18,853,2,6,462,21,275,23754,879,879,217106,4,8,650,1,3,154,15,231,21971
201503,40,3,7,Oklahoma,927,927,199388,3,6,675,0,0,0,2,32,1985,855,855,188917,3,6,675,0,0,0,1,27,1741
201503,41,4,9,Oregon,821,821,205899,14,28,4710,0,0,0,6,125,14561,707,707,179462,14,28,4710,0,0,0,6,125,14561
201503,42,1,2,Pennsylvania,936,936,203592,18,36,4150,13,43,5194,9,138,13807,650,650,144920,18,36,4150,12,40,4854,4,98,9882
201503,44,1,1,Rhode Island,61,61,13352,3,6,401,1,4,572,0,0,0,58,58,12720,1,2,75,1,4,572,0,0,0
201503,45,3,5,South Carolina,2135,2135,488783,26,52,5190,4,16,1057,14,176,19639,1497,1497,351129,26,52,5190,4,16,1057,8,80,12914
201503,46,2,4,South Dakota,284,284,51651,1,2,227,0,0,0,6,163,15648,156,156,31241,1,2,227,0,0,0,3,86,9483
201503,47,3,6,Tennessee,1951,1951,390356,2,4,400,13,52,4572,11,1048,95653,1437,1437,309597,2,4,400,3,12,1634,9,994,92493
201503,48,3,7,Texas,9371,9371,1994589,80,160,14843,10,38,3902,169,4458,342542,7586,7586,1702033,74,148,13748,9,35,3756,126,3389,274787
201503,49,4,8,Utah,1103,1103,278687,1,2,294,13,48,7744,19,186,20281,945,945,240873,0,0,0,10,38,6482,13,127,14411
201503,50,1,1,Vermont,158,158,79620,1,2,246,1,4,620,1,14,887,141,141,74353,1,2,246,1,4,620,0,0,0
201503,51,3,5,Virginia,1816,1816,386358,3,6,664,1,4,100,36,1176,98975,1675,1675,355822,2,4,470,1,4,100,35,1154,95746
201503,53,4,9,Washington,1630,1630,438500,58,116,17845,42,139,21432,30,1417,242303,1231,1231,331970,49,98,15934,40,133,20917,21,1298,231972
201503,54,3,5,West Virginia,156,156,24143,1,2,289,4,15,1120,13,72,6393,132,132,20676,0,0,0,2,7,740,0,0,0
201503,55,2,3,Wisconsin,718,718,167615,41,82,11590,3,10,1276,14,269,22654,555,555,130450,39,78,11165,2,7,1013,5,137,9520
201503,56,4,8,Wyoming,173,173,54151,0,0,0,0,0,0,1,5,428,151,151,37876,0,0,0,0,0,0,0,0,0
201503,US,0,0,United States,57474,57474,13453202,675,1350,170873,278,971,121756,1166,31540,3731489,46964,46964,11266115,562,1124,145788,204,726,96482,774,25646,3205581
201503,R1,1,0,Northeast Region,3543,3543,878665,132,264,32773,62,202,23071,212,6229,638936,2415,2415,629757,96,192,23872,36,119,13879,92,4515,471800
201503,R2,2,0,Midwest Region,8149,8149,1907299,132,264,31174,37,129,18532,176,3557,458697,6496,6496,1556141,103,206,26363,31,111,17188,107,2759,393855
201503,R3,3,0,South Region,32527,32527,7130024,205,410,43052,70,266,29096,462,12453,1293990,26674,26674,6035505,188,376,39896,49,187,23220,348,10229,1130216
201503,R4,4,0,West Region,13255,13255,3537214,206,412,63874,109,374,51057,316,9301,1339866,11379,11379,3044712,175,350,55657,88,309,42195,227,8143,1209710
201503,D1,1,1,New England Division,1060,1060,297311,21,42,6172,23,73,8714,53,1364,174673,726,726,208804,11,22,3730,7,23,3274,14,710,99691
201503,D2,1,2,Middle Atlantic Division,2483,2483,581354,111,222,26601,39,129,14357,159,4865,464263,1689,1689,420953,85,170,20142,29,96,10605,78,3805,372109
201503,D3,2,3,East North Central Divisi,4594,4594,1092022,92,184,22739,23,81,12491,84,1413,193684,3698,3698,901099,72,144,19614,18,66,11380,55,1120,169602
201503,D4,2,4,West North Central Divisi,3555,3555,815277,40,80,8435,14,48,6041,92,2144,265013,2798,2798,655042,31,62,6749,13,45,5808,52,1639,224253
201503,D5,3,5,South Atlantic Division,16687,16687,3833701,83,166,18641,33,127,17425,258,6619,832419,14316,14316,3327988,74,148,16826,29,111,16340,209,5737,752333
201503,D6,3,6,East South Central Divisi,3851,3851,753713,14,28,3406,25,94,7364,28,1290,113585,2658,2658,547090,12,24,3159,9,34,2719,12,1076,101355
201503,D7,3,7,West South Central Divisi,11989,11989,2542610,108,216,21005,12,45,4307,176,4544,347986,9700,9700,2160427,102,204,19911,11,42,4161,127,3416,276528
201503,D8,4,8,Mountain Division,6996,6996,1728662,73,146,19923,44,156,15380,101,2327,228099,6311,6311,1564034,61,122,17259,36,130,12589,62,1899,184285
201503,D9,4,9,Pacific Division,6259,6259,1808552,133,266,43951,65,218,35677,215,6974,1111767,5068,5068,1480678,114,228,38398,52,179,29606,165,6244,1025425
