Survey,FIPS,Region,Division,State,,1-unit,,,2-units,,,3-4 units,,,5+ units,,,1-unit rep,,,2-units rep,,,3-4 units rep       ,,,5+ units rep
Date,State,Code,Code,Name,Bldgs,Units,Value,Bldgs,Units,Value,Bldgs,Units,Value,      Bldgs,Units,Value,Bldgs,Units,Value,Bldgs,Units,Value,      Bldgs,Units,Value,Bldgs,Units,Value
 
201511,01,3,6,Alabama,707,707,140808,32,64,9115,2,6,718,12,222,16038,522,522,102028,32,64,9115,1,3,568,8,185,12615
201511,02,4,9,Alaska,58,58,17945,0,0,0,1,3,515,2,18,2846,3,3,1039,0,0,0,0,0,0,0,0,0
201511,04,4,8,Arizona,1544,1544,396703,6,12,1098,1,3,633,27,570,84834,1309,1309,340271,5,10,999,1,3,633,13,396,65312
201511,05,3,7,Arkansas,375,375,79203,2,4,340,1,4,180,2,31,2046,289,289,64808,2,4,340,1,4,180,0,0,0
201511,06,4,9,California,3214,3214,952882,46,92,15557,33,115,20442,142,5132,832735,2661,2661,794863,43,86,14238,29,103,18349,92,4453,736903
201511,08,4,8,Colorado,1468,1468,428766,5,10,1425,3,11,1981,21,1009,134000,1345,1345,391713,3,6,768,2,8,1629,18,978,130399
201511,09,1,1,Connecticut,191,191,61100,5,10,1527,8,28,3671,11,304,46119,117,117,31408,3,6,1292,6,22,3140,4,242,41182
201511,10,3,5,Delaware,315,315,42063,0,0,0,1,3,426,5,67,8157,238,238,35678,0,0,0,1,3,426,3,35,5645
201511,11,3,5,District of Columbia,5,5,1128,0,0,0,0,0,0,5,776,73518,5,5,1128,0,0,0,0,0,0,5,776,73518
201511,12,3,5,Florida,4965,4965,1276628,20,40,7547,17,63,10211,93,3059,584595,4519,4519,1162380,18,36,6738,16,60,9971,78,2809,556811
201511,13,3,5,Georgia,2207,2207,451348,3,6,1073,7,27,6268,41,1259,141330,1774,1774,361959,2,4,923,6,24,6132,32,1103,128620
201511,15,4,9,Hawaii,181,181,79512,1,2,360,0,0,0,1,9,2500,166,166,71326,1,2,360,0,0,0,1,9,2500
201511,16,4,8,Idaho,558,558,126040,3,6,691,8,30,2510,8,148,14575,501,501,113958,3,6,691,7,27,2374,8,148,14575
201511,17,2,3,Illinois,825,825,228786,8,16,4098,16,53,10083,44,1563,499966,572,572,172253,5,10,3269,16,53,10083,35,1464,488979
201511,18,2,3,Indiana,958,958,232007,17,34,1383,4,13,1619,31,844,105319,820,820,204963,14,28,804,4,13,1619,22,722,95384
201511,19,2,4,Iowa,424,424,92999,13,26,4616,0,0,0,14,344,37076,345,345,78089,13,26,4616,0,0,0,14,344,37076
201511,20,2,4,Kansas,362,362,81063,4,8,953,5,18,2568,3,236,25974,222,222,48680,0,0,0,3,12,1599,1,220,25220
201511,21,3,6,Kentucky,584,584,112565,25,50,5287,7,27,1978,8,223,36007,434,434,88184,23,46,4749,6,24,1790,3,159,31920
201511,22,3,7,Louisiana,915,915,184814,5,10,1145,1,3,472,2,29,6659,525,525,110235,4,8,794,0,0,0,0,0,0
201511,23,1,1,Maine,223,223,51049,4,8,945,0,0,0,2,11,919,124,124,32822,3,6,720,0,0,0,0,0,0
201511,24,3,5,Maryland,684,684,150244,3,6,496,0,0,0,19,413,39352,593,593,134575,0,0,0,0,0,0,14,293,22803
201511,25,1,1,Massachusetts,607,607,159240,25,50,7418,8,26,3964,35,754,66367,342,342,92254,20,40,6061,6,19,3020,18,573,44634
201511,26,2,3,Michigan,960,960,225311,6,12,1164,6,23,2591,52,1058,138547,739,739,175012,5,10,1074,5,20,2353,9,273,42226
201511,27,2,4,Minnesota,717,717,193009,0,0,0,0,0,0,32,826,108246,490,490,140354,0,0,0,0,0,0,9,693,99964
201511,28,3,6,Mississippi,414,414,71380,3,6,342,2,6,158,3,20,1216,223,223,41616,2,4,170,0,0,0,0,0,0
201511,29,2,4,Missouri,621,621,145811,19,38,4321,6,22,2248,19,976,129210,483,483,115870,7,14,1330,5,19,2073,12,824,119713
201511,30,4,8,Montana,141,141,32484,10,20,3185,4,15,2018,3,47,3759,95,95,22681,8,16,2751,3,12,1717,2,42,3167
201511,31,2,4,Nebraska,433,433,90842,9,18,1675,0,0,0,4,272,23240,326,326,68943,9,18,1675,0,0,0,2,154,12151
201511,32,4,8,Nevada,657,657,137233,0,0,0,0,0,0,40,486,31398,632,632,129135,0,0,0,0,0,0,40,486,31398
201511,33,1,1,New Hampshire,165,165,35357,1,2,278,0,0,0,3,41,5467,108,108,21634,0,0,0,0,0,0,1,12,970
201511,34,1,2,New Jersey,840,840,187764,34,68,7509,7,23,4613,83,1295,92995,595,595,136644,26,52,5252,4,13,3852,26,693,53749
201511,35,4,8,New Mexico,269,269,58002,2,4,386,0,0,0,0,0,0,198,198,42219,2,4,386,0,0,0,0,0,0
201511,36,1,2,New York,852,852,230216,57,114,12980,31,109,13662,124,2118,295803,569,569,175104,53,106,12231,25,90,10508,93,1896,265306
201511,37,3,5,North Carolina,2635,2635,601484,9,18,1505,1,4,172,38,861,114746,2273,2273,522020,9,18,1505,1,4,172,34,754,105789
201511,38,2,4,North Dakota,191,191,51384,4,8,1110,0,0,0,8,336,35529,138,138,40645,3,6,746,0,0,0,3,135,10311
201511,39,2,3,Ohio,1059,1059,269071,5,10,991,13,42,5071,26,576,48775,878,878,228495,3,6,813,11,36,4559,16,453,39873
201511,40,3,7,Oklahoma,667,667,144028,9,18,2030,1,3,255,6,116,8795,329,329,78186,6,12,1532,0,0,0,1,8,480
201511,41,4,9,Oregon,708,708,188794,6,12,2216,2,8,1276,24,643,67525,502,502,143644,5,10,1949,2,8,1276,20,562,56009
201511,42,1,2,Pennsylvania,1024,1024,222793,34,68,7994,25,86,5695,35,497,61105,721,721,156054,32,64,7502,4,12,916,21,408,48530
201511,44,1,1,Rhode Island,82,82,28239,3,6,1163,1,3,246,0,0,0,64,64,24446,2,4,1000,0,0,0,0,0,0
201511,45,3,5,South Carolina,1591,1591,359909,2,4,250,0,0,0,12,285,18095,896,896,217515,0,0,0,0,0,0,1,31,2850
201511,46,2,4,South Dakota,141,141,26894,4,8,1018,0,0,0,6,48,4502,107,107,20469,4,8,1018,0,0,0,4,36,3139
201511,47,3,6,Tennessee,1622,1622,345138,1,2,150,0,0,0,49,1808,144229,1258,1258,287725,1,2,150,0,0,0,46,1763,141765
201511,48,3,7,Texas,6992,6992,1552731,48,96,9869,9,31,2971,165,6121,559056,5324,5324,1277070,42,84,8803,7,25,2380,148,5842,538755
201511,49,4,8,Utah,1023,1023,264656,4,8,1130,14,51,8210,38,707,90095,781,781,209516,3,6,711,13,48,7722,31,666,84417
201511,50,1,1,Vermont,103,103,23807,1,2,251,4,13,1427,5,27,2455,56,56,13883,0,0,0,4,13,1427,2,10,1250
201511,51,3,5,Virginia,1683,1683,325654,5,10,843,5,19,3166,13,568,27535,1480,1480,279127,5,10,843,5,19,3166,11,373,13165
201511,53,4,9,Washington,1382,1382,382141,23,46,9192,15,52,10086,39,1391,163103,1087,1087,303867,19,38,8169,14,49,9362,32,1268,152166
201511,54,3,5,West Virginia,136,136,26929,0,0,0,1,4,190,3,17,896,112,112,22420,0,0,0,1,4,190,1,6,440
201511,55,2,3,Wisconsin,695,695,170179,18,36,5316,2,7,815,28,574,56865,530,530,134253,7,14,1486,1,4,510,19,309,25909
201511,56,4,8,Wyoming,110,110,46249,0,0,0,0,0,0,1,13,865,69,69,34935,0,0,0,0,0,0,0,0,0
201511,US,0,0,United States,49283,49283,11784385,544,1088,141946,272,954,133107,1387,38748,4994989,38489,38489,9498094,447,894,117577,210,754,113695,953,32606,4367589
201511,R1,1,0,Northeast Region,4087,4087,999565,164,328,40066,84,288,33278,298,5047,571230,2696,2696,684249,139,278,34058,49,169,22863,165,3834,455621
201511,R2,2,0,Midwest Region,7386,7386,1807356,107,214,26646,52,178,24995,267,7653,1213249,5650,5650,1428024,70,140,16832,45,157,22795,146,5627,999944
201511,R3,3,0,South Region,26497,26497,5866057,167,334,39994,55,200,27164,476,15875,1782273,20794,20794,4786656,146,292,35664,45,170,24974,385,14137,1635177
201511,R4,4,0,West Region,11313,11313,3111407,106,212,35240,81,288,47670,346,10173,1428237,9349,9349,2599165,92,184,31023,71,258,43063,257,9008,1276847
201511,D1,1,1,New England Division,1371,1371,358792,39,78,11583,21,70,9308,56,1137,121327,811,811,216447,28,56,9073,16,54,7587,25,837,88036
201511,D2,1,2,Middle Atlantic Division,2716,2716,640773,125,250,28483,63,218,23970,242,3910,449903,1885,1885,467802,111,222,24985,33,115,15276,140,2997,367585
201511,D3,2,3,East North Central Divisi,4497,4497,1125354,54,108,12952,41,138,20179,181,4615,849472,3539,3539,914975,34,68,7446,37,126,19123,101,3221,692371
201511,D4,2,4,West North Central Divisi,2889,2889,682002,53,106,13694,11,40,4816,86,3038,363777,2111,2111,513049,36,72,9386,8,31,3672,45,2406,307573
201511,D5,3,5,South Atlantic Division,14221,14221,3235388,42,84,11715,32,120,20433,229,7305,1008225,11890,11890,2736803,34,68,10009,30,114,20056,179,6180,909641
201511,D6,3,6,East South Central Divisi,3327,3327,669892,61,122,14894,11,39,2853,72,2273,197491,2437,2437,519553,58,116,14185,7,27,2358,57,2107,186301
201511,D7,3,7,West South Central Divisi,8949,8949,1960777,64,128,13385,12,41,3878,175,6297,576557,6467,6467,1530300,54,108,11470,8,29,2560,149,5850,539235
201511,D8,4,8,Mountain Division,5770,5770,1490133,30,60,7915,30,110,15351,138,2980,359528,4930,4930,1284426,24,48,6307,26,98,14075,112,2716,329269
201511,D9,4,9,Pacific Division,5543,5543,1621274,76,152,27325,51,178,32319,208,7193,1068709,4419,4419,1314739,68,136,24716,45,160,28988,145,6292,947578
