Survey,FIPS,Region,Division,State,,1-unit,,,2-units,,,3-4 units,,,5+ units,,,1-unit rep,,,2-units rep,,,3-4 units rep       ,,,5+ units rep
Date,State,Code,Code,Name,Bldgs,Units,Value,Bldgs,Units,Value,Bldgs,Units,Value,      Bldgs,Units,Value,Bldgs,Units,Value,Bldgs,Units,Value,      Bldgs,Units,Value,Bldgs,Units,Value
 
201604,01,3,6,Alabama,926,926,198865,2,4,294,11,38,3079,18,479,30763,678,678,153088,1,2,106,8,27,1899,12,384,22788
201604,02,4,9,Alaska,98,98,27311,1,2,282,1,3,523,2,53,5717,23,23,4618,1,2,282,0,0,0,1,42,3978
201604,04,4,8,Arizona,2230,2230,586973,26,52,4620,6,19,2958,27,276,37562,1851,1851,476935,25,50,4274,6,19,2958,16,202,29299
201604,05,3,7,Arkansas,670,670,126154,21,42,2760,19,59,3375,5,30,1856,544,544,105540,21,42,2760,19,59,3375,2,13,735
201604,06,4,9,California,4370,4370,1276458,36,72,14163,17,57,11285,114,3426,621078,3574,3574,1038688,34,68,13156,15,51,10251,81,2965,555736
201604,08,4,8,Colorado,2016,2016,615343,5,10,1429,3,11,2221,21,998,121282,1765,1765,549599,3,6,772,2,8,1172,16,968,117866
201604,09,1,1,Connecticut,228,228,71842,3,6,550,0,0,0,7,146,28961,179,179,45861,3,6,550,0,0,0,5,131,27732
201604,10,3,5,Delaware,452,452,57116,5,10,363,1,3,424,6,108,4027,445,445,56477,5,10,363,1,3,424,5,102,3931
201604,11,3,5,District of Columbia,19,19,4329,3,6,641,0,0,0,0,0,0,19,19,4329,3,6,641,0,0,0,0,0,0
201604,12,3,5,Florida,6144,6144,1675014,35,70,13396,26,100,17251,90,3114,541801,4950,4950,1366733,32,64,12215,16,61,10569,74,2848,496808
201604,13,3,5,Georgia,3441,3441,750988,7,14,1759,1,4,245,12,923,77627,2871,2871,633352,5,10,1482,1,4,245,6,841,71262
201604,15,4,9,Hawaii,217,217,93926,2,4,2770,0,0,0,1,88,21500,96,96,36012,1,2,441,0,0,0,1,88,21500
201604,16,4,8,Idaho,804,804,179396,6,12,1539,1,4,302,10,229,23129,719,719,163112,6,12,1539,0,0,0,8,208,21166
201604,17,2,3,Illinois,994,994,253332,14,28,4280,13,42,7404,27,247,29890,708,708,191462,11,22,3323,12,39,6549,18,172,23352
201604,18,2,3,Indiana,1359,1359,317216,7,14,1704,5,20,2573,15,242,24804,1239,1239,291755,4,8,1020,5,20,2573,10,208,22243
201604,19,2,4,Iowa,748,748,162037,7,14,1911,11,33,5504,11,554,63558,644,644,141782,5,10,1609,10,30,5300,10,549,63097
201604,20,2,4,Kansas,456,456,116704,9,18,1472,5,20,2403,37,745,64615,277,277,66880,0,0,0,4,16,1767,30,630,53968
201604,21,3,6,Kentucky,749,749,140592,14,28,4017,5,16,1496,12,173,11197,463,463,89567,10,20,3415,1,3,324,4,50,2596
201604,22,3,7,Louisiana,1047,1047,215333,6,12,927,1,3,472,5,59,6599,591,591,124566,4,8,600,0,0,0,1,5,1500
201604,23,1,1,Maine,428,428,78314,5,10,1535,1,3,333,3,16,1534,257,257,45876,3,6,590,0,0,0,1,6,188
201604,24,3,5,Maryland,871,871,195706,3,6,636,1,4,503,12,471,34052,769,769,178084,2,4,427,1,4,503,11,404,23100
201604,25,1,1,Massachusetts,661,661,188260,31,62,7482,10,36,12255,17,379,71167,378,378,114695,26,52,5980,8,29,11276,5,298,59233
201604,26,2,3,Michigan,1300,1300,309047,25,50,5507,4,14,1686,98,1188,85865,899,899,225236,6,12,1102,2,8,1252,55,644,53761
201604,27,2,4,Minnesota,1394,1394,347178,0,0,0,15,50,7563,41,411,41780,1202,1202,298061,0,0,0,3,12,1977,9,171,23055
201604,28,3,6,Mississippi,656,656,112626,3,6,457,3,12,1301,4,31,1251,442,442,78876,2,4,272,2,8,900,1,12,249
201604,29,2,4,Missouri,969,969,223712,17,34,3778,30,117,9747,34,929,69200,755,755,167146,14,28,3109,30,117,9747,24,686,47890
201604,30,4,8,Montana,243,243,57533,7,14,2307,1,4,600,4,77,2921,222,222,52943,7,14,2307,1,4,600,3,72,2782
201604,31,2,4,Nebraska,515,515,100544,2,4,370,0,0,0,13,489,40630,315,315,57609,1,2,120,0,0,0,7,333,24172
201604,32,4,8,Nevada,1101,1101,215949,1,2,249,0,0,0,14,449,31000,993,993,189432,0,0,0,0,0,0,11,402,25867
201604,33,1,1,New Hampshire,267,267,58410,10,20,2876,0,0,0,5,52,10560,177,177,33417,9,18,2576,0,0,0,3,42,9310
201604,34,1,2,New Jersey,941,941,187902,37,74,8695,6,18,2378,65,1178,134746,614,614,123016,27,54,5728,3,9,1266,32,905,113205
201604,35,4,8,New Mexico,376,376,77228,0,0,0,1,4,335,3,23,1817,114,114,23780,0,0,0,0,0,0,0,0,0
201604,36,1,2,New York,920,920,267681,74,148,19077,14,51,6176,60,920,122792,555,555,186674,61,122,16083,12,44,5411,38,788,102214
201604,37,3,5,North Carolina,3873,3873,918628,8,16,1727,0,0,0,50,1148,107693,3280,3280,786038,4,8,1047,0,0,0,23,899,90192
201604,38,2,4,North Dakota,345,345,84045,1,2,339,0,0,0,6,129,15316,229,229,57989,0,0,0,0,0,0,2,16,2692
201604,39,2,3,Ohio,1348,1348,351297,5,10,901,16,61,7916,30,870,81647,1091,1091,294043,2,4,570,14,55,7389,22,829,79667
201604,40,3,7,Oklahoma,842,842,172138,12,24,2216,18,71,6274,6,188,22868,713,713,151366,10,20,1951,18,71,6274,5,183,22624
201604,41,4,9,Oregon,969,969,264658,9,18,3186,1,3,900,31,539,60194,787,787,225835,9,18,3186,1,3,900,30,534,59397
201604,42,1,2,Pennsylvania,1482,1482,309625,19,38,4877,12,40,5226,12,152,20440,798,798,153410,1,2,237,2,7,1147,4,35,4890
201604,44,1,1,Rhode Island,67,67,13477,2,4,616,1,3,603,0,0,0,39,39,8334,0,0,0,0,0,0,0,0,0
201604,45,3,5,South Carolina,2301,2301,532643,11,22,1479,1,3,578,20,457,48885,1638,1638,383447,8,16,810,0,0,0,11,282,37422
201604,46,2,4,South Dakota,328,328,70477,1,2,249,14,44,5610,10,222,19827,270,270,59810,1,2,249,12,37,5428,9,212,19064
201604,47,3,6,Tennessee,2337,2337,479038,27,54,5054,13,51,4649,22,905,101051,1751,1751,366229,16,32,2923,3,11,1815,8,717,89502
201604,48,3,7,Texas,9487,9487,2091936,89,178,24922,48,169,22696,81,2592,214932,6925,6925,1611569,75,150,21277,42,146,20359,60,1637,140466
201604,49,4,8,Utah,1329,1329,331314,4,8,1283,5,18,3009,26,505,42878,1161,1161,280322,3,6,758,3,12,2155,19,330,23651
201604,50,1,1,Vermont,122,122,45871,5,10,1316,0,0,0,2,10,633,42,42,12771,5,10,1316,0,0,0,0,0,0
201604,51,3,5,Virginia,1947,1947,443163,3,6,590,3,12,1688,22,1032,36715,1703,1703,391448,3,6,590,3,12,1688,18,978,32220
201604,53,4,9,Washington,2090,2090,580569,31,62,10701,14,50,7628,40,1441,195766,1722,1722,478783,29,58,9997,14,50,7628,32,1339,183305
201604,54,3,5,West Virginia,230,230,34433,2,4,465,1,3,205,2,15,875,183,183,25446,0,0,0,0,0,0,1,6,309
201604,55,2,3,Wisconsin,1089,1089,273756,14,28,3281,1,3,330,31,403,42753,884,884,224048,10,20,2363,0,0,0,19,248,25058
201604,56,4,8,Wyoming,163,163,62689,0,0,0,1,3,116,1,5,799,144,144,57546,0,0,0,0,0,0,1,5,799
201604,US,0,0,United States,67959,67959,16348774,667,1334,175051,361,1279,171821,1185,29116,3378551,52688,52688,12883631,508,1016,134120,274,979,135120,764,23419,2835839
201604,R1,1,0,Northeast Region,5116,5116,1221384,186,372,47024,44,151,26971,171,2853,390833,3039,3039,724053,135,270,33061,25,89,19100,88,2205,316771
201604,R2,2,0,Midwest Region,10845,10845,2609342,102,204,23793,114,404,50735,353,6429,579883,8513,8513,2075821,54,108,13466,92,334,41982,215,4698,438018
201604,R3,3,0,South Region,35992,35992,8148701,251,502,61704,152,548,64237,367,11725,1242192,27965,27965,6506152,201,402,50879,115,409,48375,242,9361,1035704
201604,R4,4,0,West Region,16006,16006,4369347,128,256,42530,51,176,29878,294,8109,1165643,13171,13171,3577605,118,236,36714,42,147,25663,219,7155,1045346
201604,D1,1,1,New England Division,1773,1773,456175,56,112,14375,12,42,13191,34,603,112855,1072,1072,260953,46,92,11012,8,29,11276,14,477,96462
201604,D2,1,2,Middle Atlantic Division,3343,3343,765209,130,260,32649,32,109,13780,137,2250,277978,1967,1967,463100,89,178,22049,17,60,7824,74,1728,220309
201604,D3,2,3,East North Central Divisi,6090,6090,1504647,65,130,15673,39,140,19908,201,2950,264958,4821,4821,1226544,33,66,8378,33,122,17763,124,2101,204081
201604,D4,2,4,West North Central Divisi,4755,4755,1104695,37,74,8120,75,264,30827,152,3479,314925,3692,3692,849277,21,42,5088,59,212,24219,91,2597,233937
201604,D5,3,5,South Atlantic Division,19278,19278,4612018,77,154,21057,34,129,20894,214,7268,851676,15858,15858,3825352,62,124,17576,22,84,13428,149,6360,755245
201604,D6,3,6,East South Central Divisi,4668,4668,931122,46,92,9822,32,117,10526,56,1588,144262,3334,3334,687760,29,58,6715,14,49,4938,25,1163,115135
201604,D7,3,7,West South Central Divisi,12046,12046,2605561,128,256,30825,86,302,32817,97,2869,246254,8773,8773,1993040,110,220,26588,79,276,30009,68,1838,165324
201604,D8,4,8,Mountain Division,8262,8262,2126425,49,98,11428,18,63,9543,106,2562,261387,6969,6969,1793669,44,88,9650,12,43,6885,74,2187,221431
201604,D9,4,9,Pacific Division,7744,7744,2242922,79,158,31102,33,113,20335,188,5547,904256,6202,6202,1783936,74,148,27064,30,104,18778,145,4968,823915
