Survey,FIPS,Region,Division,State,,1-unit,,,2-units,,,3-4 units,,,5+ units,,,1-unit rep,,,2-units rep,,,3-4 units rep       ,,,5+ units rep
Date,State,Code,Code,Name,Bldgs,Units,Value,Bldgs,Units,Value,Bldgs,Units,Value,      Bldgs,Units,Value,Bldgs,Units,Value,Bldgs,Units,Value,      Bldgs,Units,Value,Bldgs,Units,Value
 
201712,01,3,6,Alabama,802,802,163873,3,6,964,5,19,2216,14,511,26219,560,560,109917,0,0,0,2,7,739,7,426,16457
201712,02,4,9,Alaska,78,78,23437,2,4,1026,2,8,1182,2,15,2371,6,6,1407,1,2,301,1,4,488,0,0,0
201712,04,4,8,Arizona,2027,2027,517772,16,32,3472,1,3,530,13,744,87573,1781,1781,442344,15,30,3182,1,3,530,12,739,86817
201712,05,3,7,Arkansas,483,483,99485,20,40,3140,5,17,863,18,534,40877,336,336,76081,17,34,2656,2,8,385,15,503,38790
201712,06,4,9,California,5372,5372,1610155,94,188,34137,76,250,48809,196,5583,847232,4496,4496,1355134,84,168,30777,67,221,43993,170,5127,782471
201712,08,4,8,Colorado,2119,2119,605314,1,2,383,3,10,2904,36,508,55124,1885,1885,541631,1,2,383,2,7,1855,18,341,41782
201712,09,1,1,Connecticut,145,145,58344,4,8,1464,1,3,1338,12,143,7147,104,104,40649,2,4,880,1,3,1338,6,82,2072
201712,10,3,5,Delaware,457,457,59731,9,18,1446,2,8,864,9,121,16169,379,379,53233,9,18,1446,2,8,864,6,95,13756
201712,11,3,5,District of Columbia,10,10,2312,4,8,869,0,0,0,2,74,7971,10,10,2312,4,8,869,0,0,0,2,74,7971
201712,12,3,5,Florida,6090,6090,1643409,40,80,11938,22,83,17748,92,2495,344127,5343,5343,1446659,37,74,10905,21,80,17012,70,2199,319901
201712,13,3,5,Georgia,2572,2572,553592,1,2,253,9,34,6453,18,287,29044,2013,2013,433461,1,2,253,8,30,6207,11,201,20289
201712,15,4,9,Hawaii,137,137,46172,1,2,325,1,4,948,6,170,24442,137,137,46172,1,2,325,1,4,948,6,170,24442
201712,16,4,8,Idaho,674,674,125102,1,2,262,0,0,0,6,141,15382,631,631,117341,0,0,0,0,0,0,5,136,15083
201712,17,2,3,Illinois,579,579,158631,3,6,1059,17,53,11790,33,1242,140078,430,430,125189,3,6,1059,17,53,11790,28,1189,134132
201712,18,2,3,Indiana,948,948,250077,8,16,2064,0,0,0,17,298,35937,865,865,234749,6,12,1808,0,0,0,12,242,32624
201712,19,2,4,Iowa,379,379,95810,1,2,237,6,24,3777,19,595,59822,336,336,87914,1,2,237,6,24,3777,19,595,59822
201712,20,2,4,Kansas,431,431,111668,7,14,1167,3,9,1908,8,345,29731,351,351,91471,0,0,0,3,9,1908,5,286,24000
201712,21,3,6,Kentucky,531,531,110564,3,6,402,15,58,4477,16,276,26995,405,405,89290,1,2,190,15,58,4477,11,221,22756
201712,22,3,7,Louisiana,805,805,160561,18,36,4191,2,7,861,3,25,4337,481,481,95708,15,30,3463,0,0,0,0,0,0
201712,23,1,1,Maine,201,201,45497,1,2,195,0,0,0,4,80,7708,113,113,27929,0,0,0,0,0,0,2,48,4756
201712,24,3,5,Maryland,756,756,171967,0,0,0,0,0,0,2,29,3602,747,747,169509,0,0,0,0,0,0,1,18,2700
201712,25,1,1,Massachusetts,651,651,176274,13,26,4251,12,39,5599,24,1643,241744,454,454,122492,8,16,2759,11,36,5439,10,1477,220343
201712,26,2,3,Michigan,1013,1013,247331,3,6,664,5,17,2804,27,451,47136,690,690,173864,1,2,228,4,14,2566,16,336,33344
201712,27,2,4,Minnesota,808,808,227422,1,2,193,4,16,2950,30,748,110730,609,609,179386,1,2,193,4,16,2950,6,609,95900
201712,28,3,6,Mississippi,498,498,94319,9,18,4527,2,8,845,2,11,633,349,349,69717,8,16,4342,1,4,740,0,0,0
201712,29,2,4,Missouri,729,729,160734,16,32,3791,10,39,3258,35,534,55200,648,648,137962,16,32,3791,10,39,3258,24,471,51602
201712,30,4,8,Montana,116,116,27495,8,16,2064,5,15,1915,2,17,2618,106,106,24716,7,14,1891,5,15,1915,2,17,2618
201712,31,2,4,Nebraska,285,285,65327,3,6,795,1,4,255,15,388,32302,179,179,42691,2,4,439,1,4,255,13,298,22864
201712,32,4,8,Nevada,885,885,216221,26,52,2048,13,52,8425,44,468,61283,884,884,215951,26,52,2048,13,52,8425,44,468,61283
201712,33,1,1,New Hampshire,113,113,23905,3,6,960,1,3,388,3,28,3514,61,61,14128,3,6,960,0,0,0,0,0,0
201712,34,1,2,New Jersey,687,687,162799,36,72,7309,10,37,3470,80,1843,152881,386,386,102201,23,46,4586,6,23,2789,14,554,40815
201712,35,4,8,New Mexico,375,375,78458,0,0,0,0,0,0,2,12,803,308,308,63616,0,0,0,0,0,0,0,0,0
201712,36,1,2,New York,618,618,178316,56,112,14913,22,72,9344,97,3446,471094,442,442,130678,51,102,13822,17,57,7822,63,3050,410640
201712,37,3,5,North Carolina,2939,2939,653004,16,32,3019,0,0,0,91,1723,138194,2354,2354,536132,15,30,2849,0,0,0,81,1563,125710
201712,38,2,4,North Dakota,36,36,8039,0,0,0,0,0,0,0,0,0,15,15,3921,0,0,0,0,0,0,0,0,0
201712,39,2,3,Ohio,1087,1087,262904,12,24,1172,17,65,7356,10,75,5428,954,954,234276,10,20,1000,16,62,7002,6,46,3450
201712,40,3,7,Oklahoma,619,619,139907,12,24,5133,0,0,0,3,94,9448,334,334,82575,7,14,4228,0,0,0,2,81,8531
201712,41,4,9,Oregon,688,688,180628,25,50,8629,4,12,1984,21,976,150666,584,584,154969,25,50,8629,4,12,1984,19,954,147819
201712,42,1,2,Pennsylvania,1106,1106,241455,6,12,2214,11,36,4200,27,653,75624,763,763,160948,0,0,0,1,4,789,14,307,33914
201712,44,1,1,Rhode Island,66,66,14414,5,10,1094,1,3,429,0,0,0,40,40,7866,4,8,580,0,0,0,0,0,0
201712,45,3,5,South Carolina,1973,1973,525904,2,4,613,2,7,612,17,398,40702,1416,1416,406116,1,2,478,1,4,425,8,244,29506
201712,46,2,4,South Dakota,154,154,33764,3,6,604,0,0,0,1,98,10500,119,119,26435,3,6,604,0,0,0,1,98,10500
201712,47,3,6,Tennessee,1900,1900,418963,18,36,2880,10,30,2347,43,758,58215,1376,1376,321718,7,14,1267,0,0,0,40,710,54529
201712,48,3,7,Texas,8178,8178,1801182,58,116,13633,44,173,19208,119,2881,270885,6210,6210,1431129,42,84,10232,34,135,16009,80,2120,196450
201712,49,4,8,Utah,1119,1119,280231,2,4,486,15,52,8061,12,338,42337,891,891,223820,0,0,0,9,32,4657,8,311,37939
201712,50,1,1,Vermont,29,29,6043,1,2,267,2,7,542,2,12,760,28,28,5724,1,2,267,2,7,542,0,0,0
201712,51,3,5,Virginia,1717,1717,391649,4,8,931,10,36,4577,6,145,15567,1498,1498,347748,3,6,671,9,33,4328,4,134,14434
201712,53,4,9,Washington,1667,1667,488084,30,60,11456,23,80,15841,44,1542,182972,1123,1123,330515,27,54,10407,21,74,15082,35,1398,167362
201712,54,3,5,West Virginia,138,138,25581,2,4,375,0,0,0,11,55,5675,109,109,18890,2,4,375,0,0,0,0,0,0
201712,55,2,3,Wisconsin,640,640,171045,12,24,3560,3,11,1499,11,353,43228,444,444,117921,9,18,2631,2,8,1052,3,133,17230
201712,56,4,8,Wyoming,58,58,17545,1,2,138,4,16,1712,0,0,0,45,45,13865,0,0,0,4,16,1712,0,0,0
201712,US,0,0,United States,56488,56488,13932418,620,1240,166711,401,1420,214288,1305,33906,4042027,44828,44828,11290071,500,1000,138008,324,1166,186052,899,28071,3437403
201712,R1,1,0,Northeast Region,3616,3616,907048,125,250,32666,60,200,25311,249,7848,960471,2391,2391,612614,92,184,23854,38,130,18718,109,5518,712539
201712,R2,2,0,Midwest Region,7089,7089,1792751,69,138,15305,66,238,35598,206,5127,570092,5640,5640,1455780,52,104,11990,63,229,34558,133,4303,485470
201712,R3,3,0,South Region,30468,30468,7016004,219,438,54315,128,480,61068,466,10417,1038662,23920,23920,5690196,169,338,44223,95,367,51187,338,8589,871779
201712,R4,4,0,West Region,15315,15315,4216615,207,414,64425,147,502,92311,384,10514,1472802,12877,12877,3531481,187,374,57941,128,440,81589,319,9661,1367615
201712,D1,1,1,New England Division,1205,1205,324477,27,54,8231,17,55,8296,45,1906,260873,800,800,218787,18,36,5446,14,46,7319,18,1607,227171
201712,D2,1,2,Middle Atlantic Division,2411,2411,582571,98,196,24435,43,145,17015,204,5942,699598,1591,1591,393827,74,148,18408,24,84,11399,91,3911,485368
201712,D3,2,3,East North Central Division,4267,4267,1089988,38,76,8518,42,146,23449,98,2419,271807,3383,3383,886000,29,58,6726,39,137,22409,65,1946,220781
201712,D4,2,4,West North Central Division,2822,2822,702763,31,62,6787,24,92,12149,108,2708,298285,2257,2257,569780,23,46,5264,24,92,12149,68,2357,264689
201712,D5,3,5,South Atlantic Division,16652,16652,4027149,78,156,19445,45,168,30253,248,5327,601052,13869,13869,3414061,72,144,17846,41,155,28837,183,4528,534267
201712,D6,3,6,East South Central Division,3731,3731,787719,33,66,8774,32,115,9884,75,1556,112062,2690,2690,590642,16,32,5799,18,69,5956,58,1357,93741
201712,D7,3,7,West South Central Division,10085,10085,2201136,108,216,26096,51,197,20931,143,3534,325548,7361,7361,1685493,81,162,20578,36,143,16394,97,2704,243771
201712,D8,4,8,Mountain Division,7373,7373,1868138,55,110,8853,41,148,23547,115,2228,265119,6531,6531,1643284,49,98,7503,34,125,19094,89,2012,245521
201712,D9,4,9,Pacific Division,7942,7942,2348477,152,304,55572,106,354,68764,269,8286,1207683,6346,6346,1888197,138,276,50438,94,315,62495,230,7649,1122094
