Survey,FIPS,Region,Division,State,,1-unit,,,2-units,,,3-4 units,,,5+ units,,,1-unit rep,,,2-units rep,,,3-4 units rep       ,,,5+ units rep
Date,State,Code,Code,Name,Bldgs,Units,Value,Bldgs,Units,Value,Bldgs,Units,Value,      Bldgs,Units,Value,Bldgs,Units,Value,Bldgs,Units,Value,      Bldgs,Units,Value,Bldgs,Units,Value
 
201802,01,3,6,Alabama,1069,1069,217219,3,6,363,1,3,633,13,147,12782,848,848,171724,2,4,218,1,3,633,12,142,12015
201802,02,4,9,Alaska,84,84,25098,3,6,1327,2,7,1272,1,14,2213,10,10,2574,2,4,603,1,3,578,0,0,0
201802,04,4,8,Arizona,2198,2198,557207,20,40,4263,4,14,2433,24,753,114914,1905,1905,475927,19,38,3933,4,14,2433,23,748,114486
201802,05,3,7,Arkansas,533,533,114359,16,32,2681,11,40,4000,5,49,2864,362,362,85451,13,26,2254,8,31,3523,1,16,800
201802,06,4,9,California,4510,4510,1354519,184,368,65753,61,201,26317,81,2937,579676,3703,3703,1103770,174,348,61462,52,173,21387,58,2585,522730
201802,08,4,8,Colorado,2365,2365,677384,4,8,1353,8,24,3116,70,1780,198897,2055,2055,585339,2,4,696,6,18,1719,54,1641,187563
201802,09,1,1,Connecticut,133,133,44258,9,18,1612,1,3,1179,7,316,36202,90,90,24885,7,14,1135,1,3,1179,1,269,32350
201802,10,3,5,Delaware,413,413,52138,8,16,2762,1,4,524,2,12,803,408,408,51668,8,16,2762,1,4,524,1,5,691
201802,11,3,5,District of Columbia,3,3,694,1,2,217,0,0,0,5,270,29084,3,3,694,1,2,217,0,0,0,5,270,29084
201802,12,3,5,Florida,6650,6650,1720023,59,118,15490,25,91,15584,136,3376,387738,5363,5363,1374618,56,112,15009,20,72,12078,116,3042,346865
201802,13,3,5,Georgia,3379,3379,716001,14,28,5886,2,6,320,11,543,31401,2815,2815,599172,14,28,5886,0,0,0,5,479,24706
201802,15,4,9,Hawaii,196,196,66754,4,8,2036,0,0,0,3,497,137266,196,196,66754,4,8,2036,0,0,0,3,497,137266
201802,16,4,8,Idaho,863,863,168039,19,38,3553,12,38,583,11,287,33347,740,740,141350,7,14,1674,1,4,309,8,234,27367
201802,17,2,3,Illinois,521,521,132937,8,16,4181,11,37,5213,18,372,80113,362,362,96483,7,14,3842,11,37,5213,13,342,76275
201802,18,2,3,Indiana,1012,1012,263224,6,12,1580,0,0,0,13,245,27109,944,944,249893,3,6,862,0,0,0,8,210,24376
201802,19,2,4,Iowa,332,332,81791,10,20,3062,1,3,292,4,51,4886,239,239,65617,10,20,3062,1,3,292,3,46,4425
201802,20,2,4,Kansas,339,339,90829,8,16,1670,3,11,1753,3,35,3415,235,235,62209,2,4,670,2,8,1307,0,0,0
201802,21,3,6,Kentucky,530,530,112650,13,26,2684,1,3,630,12,141,10112,399,399,88582,11,22,2366,1,3,630,9,91,6068
201802,22,3,7,Louisiana,988,988,210690,5,10,1035,2,6,802,2,24,4597,602,602,135254,1,2,75,1,3,570,0,0,0
201802,23,1,1,Maine,197,197,41736,7,14,2039,1,3,521,3,77,9673,93,93,18289,6,12,1800,0,0,0,1,63,8300
201802,24,3,5,Maryland,952,952,219719,15,30,4832,0,0,0,2,73,11866,919,919,214046,15,30,4832,0,0,0,1,32,3447
201802,25,1,1,Massachusetts,460,460,149836,30,60,8766,4,14,5948,21,330,71032,215,215,76828,11,22,3255,1,4,850,8,229,57265
201802,26,2,3,Michigan,1013,1013,257105,5,10,1400,0,0,0,13,102,13996,692,692,184536,5,10,1400,0,0,0,3,52,7932
201802,27,2,4,Minnesota,644,644,187719,3,6,1393,3,11,1602,5,560,116083,507,507,153280,2,4,980,3,11,1602,2,505,108359
201802,28,3,6,Mississippi,458,458,80144,2,4,570,1,3,301,3,17,773,250,250,45930,1,2,325,0,0,0,0,0,0
201802,29,2,4,Missouri,768,768,173722,17,34,6939,0,0,0,5,56,5786,657,657,143366,16,32,6780,0,0,0,2,24,2972
201802,30,4,8,Montana,125,125,30577,2,4,511,3,10,1048,2,40,3595,101,101,23863,2,4,511,0,0,0,1,35,3185
201802,31,2,4,Nebraska,352,352,76623,11,22,2990,2,6,609,5,300,18055,241,241,51861,10,20,2750,2,6,609,3,253,13127
201802,32,4,8,Nevada,1087,1087,276846,1,2,209,6,24,1133,25,475,30664,1056,1056,266861,1,2,209,6,24,1133,25,475,30664
201802,33,1,1,New Hampshire,179,179,40192,4,8,990,1,3,409,5,124,14698,132,132,31898,1,2,300,0,0,0,2,103,11925
201802,34,1,2,New Jersey,587,587,137948,50,100,12535,67,237,45685,58,1311,203125,436,436,108423,39,78,10028,62,219,44016,26,986,170661
201802,35,4,8,New Mexico,417,417,91194,0,0,0,1,3,252,3,20,1350,272,272,60925,0,0,0,0,0,0,0,0,0
201802,36,1,2,New York,667,667,213596,52,104,14971,13,44,5109,89,1461,190610,507,507,170687,34,68,11012,10,34,4166,52,1208,151223
201802,37,3,5,North Carolina,3967,3967,877041,7,14,1568,0,0,0,73,2344,213187,3125,3125,697585,4,8,1044,0,0,0,52,2027,188430
201802,38,2,4,North Dakota,39,39,8939,0,0,0,0,0,0,1,5,943,18,18,4056,0,0,0,0,0,0,0,0,0
201802,39,2,3,Ohio,1154,1154,302753,11,22,3107,16,54,7673,21,315,26490,949,949,259542,9,18,2865,15,51,7429,17,288,24300
201802,40,3,7,Oklahoma,802,802,152151,8,16,2544,1,4,215,3,25,1614,464,464,84217,4,8,1769,0,0,0,1,7,452
201802,41,4,9,Oregon,806,806,222033,27,54,8701,1,3,360,42,831,95348,707,707,196654,26,52,8382,1,3,360,40,810,92603
201802,42,1,2,Pennsylvania,1094,1094,256980,22,44,6694,73,261,16986,12,187,26949,683,683,162771,0,0,0,44,166,7189,2,24,4957
201802,44,1,1,Rhode Island,72,72,16150,0,0,0,0,0,0,1,17,1800,46,46,9698,0,0,0,0,0,0,1,17,1800
201802,45,3,5,South Carolina,2446,2446,644113,0,0,0,0,0,0,8,162,12132,1728,1728,478031,0,0,0,0,0,0,0,0,0
201802,46,2,4,South Dakota,117,117,26378,1,2,210,0,0,0,11,234,29519,84,84,19048,1,2,210,0,0,0,11,234,29519
201802,47,3,6,Tennessee,2254,2254,492652,4,8,608,23,90,5905,5,71,6169,1589,1589,365301,2,4,319,22,87,5420,1,14,1508
201802,48,3,7,Texas,9681,9681,2137141,109,218,29030,25,96,11427,91,2209,207163,7671,7671,1760665,104,208,28484,24,93,11427,82,2079,194637
201802,49,4,8,Utah,1374,1374,348887,2,4,528,14,52,7635,35,720,88406,1168,1168,293797,1,2,195,13,49,7282,28,440,54837
201802,50,1,1,Vermont,58,58,17893,0,0,0,1,3,337,2,11,839,15,15,4085,0,0,0,1,3,337,0,0,0
201802,51,3,5,Virginia,1665,1665,364696,2,4,660,5,18,2006,22,1361,172195,1364,1364,306523,1,2,400,4,15,1757,18,1297,165496
201802,53,4,9,Washington,1735,1735,509367,40,80,14683,18,63,12913,45,1166,170937,1158,1158,343692,35,70,12754,16,57,11360,32,973,150267
201802,54,3,5,West Virginia,151,151,30891,0,0,0,0,0,0,3,41,2251,109,109,21737,0,0,0,0,0,0,2,34,1806
201802,55,2,3,Wisconsin,619,619,167220,6,12,2367,6,22,2607,17,247,28243,487,487,131699,5,10,2109,5,19,2285,11,199,24443
201802,56,4,8,Wyoming,99,99,33739,1,2,208,4,12,738,0,0,0,64,64,22971,0,0,0,4,12,738,0,0,0
201802,US,0,0,United States,62157,62157,15191791,833,1666,250562,435,1527,196069,1052,26741,3472910,48786,48786,12094831,678,1356,211478,344,1232,160334,744,23025,3051180
201802,R1,1,0,Northeast Region,3447,3447,918588,174,348,47607,161,568,76174,198,3834,554929,2217,2217,607565,98,196,27530,119,429,57737,93,2899,438481
201802,R2,2,0,Midwest Region,6910,6910,1769238,86,172,28900,42,144,19749,116,2522,354637,5415,5415,1421590,70,140,25531,39,135,18737,73,2153,315726
201802,R3,3,0,South Region,35941,35941,8142322,266,532,70929,98,364,42347,396,10865,1106732,28019,28019,6481199,237,474,65962,82,311,36561,306,9535,976006
201802,R4,4,0,West Region,15859,15859,4361643,307,614,103126,134,451,57799,342,9520,1456612,13135,13135,3584477,273,546,92455,104,357,47299,272,8438,1320967
201802,D1,1,1,New England Division,1099,1099,310064,50,100,13407,8,26,8395,39,875,134245,591,591,165684,25,50,6490,3,10,2366,13,681,111640
201802,D2,1,2,Middle Atlantic Division,2348,2348,608524,124,248,34200,153,542,67779,159,2959,420684,1626,1626,441881,73,146,21040,116,419,55371,80,2218,326841
201802,D3,2,3,East North Central Division,4319,4319,1123238,36,72,12635,33,113,15493,82,1281,175950,3434,3434,922153,29,58,11078,31,107,14927,52,1091,157325
201802,D4,2,4,West North Central Division,2591,2591,646000,50,100,16265,9,31,4256,34,1241,178687,1981,1981,499437,41,82,14453,8,28,3810,21,1062,158401
201802,D5,3,5,South Atlantic Division,19626,19626,4625315,106,212,31415,33,119,18434,262,8182,860657,15834,15834,3744074,99,198,30150,25,91,14359,200,7186,760526
201802,D6,3,6,East South Central Division,4311,4311,902665,22,44,4224,26,99,7469,33,376,29836,3086,3086,671538,16,32,3229,24,93,6683,22,247,19591
201802,D7,3,7,West South Central Division,12004,12004,2614342,138,276,35290,39,146,16444,101,2307,216239,9099,9099,2065587,122,244,32583,33,127,15519,84,2102,195889
201802,D8,4,8,Mountain Division,8528,8528,2183873,49,98,10625,52,177,16937,170,4075,471172,7361,7361,1871033,32,64,7218,34,121,13614,139,3573,418101
201802,D9,4,9,Pacific Division,7331,7331,2177770,258,516,92501,82,274,40862,172,5445,985440,5774,5774,1713444,241,482,85237,70,236,33685,133,4865,902866
