Survey,FIPS,Region,Division,State,,1-unit,,,2-units,,,3-4 units,,,5+ units,,,1-unit rep,,,2-units rep,,,3-4 units rep       ,,,5+ units rep
Date,State,Code,Code,Name,Bldgs,Units,Value,Bldgs,Units,Value,Bldgs,Units,Value,      Bldgs,Units,Value,Bldgs,Units,Value,Bldgs,Units,Value,      Bldgs,Units,Value,Bldgs,Units,Value
 
201808,01,3,6,Alabama,1194,1194,241302,3,6,1161,3,12,1342,12,169,26759,919,919,180191,0,0,0,1,4,223,7,82,12571
201808,02,4,9,Alaska,116,116,33208,2,4,713,1,4,695,6,41,8161,22,22,5043,1,2,358,0,0,0,4,30,6422
201808,04,4,8,Arizona,3074,3074,775476,31,62,7845,13,46,9991,74,556,73961,2632,2632,652343,29,58,7368,13,46,9991,58,426,55504
201808,05,3,7,Arkansas,607,607,132388,18,36,3064,8,28,1779,4,44,3060,426,426,100302,12,24,2191,2,8,707,0,0,0
201808,06,4,9,California,5449,5449,1665120,95,190,37416,41,134,31583,146,3053,561086,4440,4440,1362799,82,164,32468,24,82,16936,102,2444,457282
201808,08,4,8,Colorado,2511,2511,732570,23,46,9498,6,20,4536,41,743,99449,2346,2346,683309,23,46,9498,5,17,3698,34,680,90839
201808,09,1,1,Connecticut,221,221,83809,7,14,2484,0,0,0,9,114,15151,174,174,58403,6,12,2192,0,0,0,3,76,8319
201808,10,3,5,Delaware,490,490,65931,0,0,0,0,0,0,7,45,3148,479,479,64094,0,0,0,0,0,0,4,30,2501
201808,11,3,5,District of Columbia,11,11,2600,3,6,729,0,0,0,6,323,35332,11,11,2600,3,6,729,0,0,0,6,323,35332
201808,12,3,5,Florida,8281,8281,2135680,94,188,29853,78,289,31948,133,3681,480476,7161,7161,1856568,91,182,29502,71,264,27642,107,3032,406200
201808,13,3,5,Georgia,3561,3561,781543,14,28,6163,6,22,2496,28,865,102702,2987,2987,657817,14,28,6163,5,19,2312,24,832,98945
201808,15,4,9,Hawaii,204,204,79751,4,8,2576,5,20,5361,14,100,21399,204,204,79751,4,8,2576,5,20,5361,14,100,21399
201808,16,4,8,Idaho,1076,1076,234274,14,28,2079,7,27,1752,27,248,27803,821,821,177877,3,6,627,3,12,660,23,208,23235
201808,17,2,3,Illinois,1083,1083,264556,19,38,8077,22,70,15978,29,662,74208,729,729,183764,13,26,6693,20,64,14793,17,507,56035
201808,18,2,3,Indiana,1624,1624,432258,22,44,4968,0,0,0,22,430,37867,1453,1453,395273,21,42,4831,0,0,0,14,330,30440
201808,19,2,4,Iowa,844,844,202694,16,32,3847,0,0,0,4,140,23638,643,643,169348,14,28,3305,0,0,0,3,121,21404
201808,20,2,4,Kansas,570,570,145587,16,32,2896,5,17,2493,10,727,112984,368,368,97023,3,6,686,2,8,1300,8,669,108447
201808,21,3,6,Kentucky,776,776,177591,28,56,5284,7,25,1577,49,669,66723,457,457,113642,24,48,4527,5,19,883,35,394,46478
201808,22,3,7,Louisiana,1196,1196,252882,9,18,1675,1,3,232,19,550,61273,616,616,132376,3,6,406,0,0,0,18,540,58811
201808,23,1,1,Maine,325,325,63092,3,6,950,2,6,375,4,38,2850,181,181,36331,2,4,750,1,3,275,3,28,2050
201808,24,3,5,Maryland,1176,1176,268572,5,10,792,0,0,0,15,995,179893,1141,1141,259838,2,4,392,0,0,0,15,995,179893
201808,25,1,1,Massachusetts,620,620,202011,19,38,7443,7,23,3838,19,183,32254,401,401,144499,9,18,3892,5,17,2307,4,67,13400
201808,26,2,3,Michigan,1689,1689,452114,15,30,4868,5,17,2085,29,440,54772,1107,1107,320882,3,6,1350,2,7,731,11,239,34422
201808,27,2,4,Minnesota,1607,1607,416297,3,6,843,1,3,690,65,2560,411512,1200,1200,320165,2,4,541,1,3,690,53,2474,406299
201808,28,3,6,Mississippi,555,555,105647,1,2,245,0,0,0,3,15,972,395,395,80236,0,0,0,0,0,0,0,0,0
201808,29,2,4,Missouri,1023,1023,235212,38,76,5572,31,104,8989,21,377,40992,857,857,190779,37,74,5378,31,104,8989,19,312,33616
201808,30,4,8,Montana,282,282,74027,12,24,4017,4,15,2153,2,18,2094,147,147,37937,4,8,1636,1,3,113,0,0,0
201808,31,2,4,Nebraska,428,428,87953,6,12,1565,1,4,425,8,345,25315,242,242,46154,5,10,1224,1,4,425,5,218,11977
201808,32,4,8,Nevada,1116,1116,291511,0,0,0,4,16,1773,12,220,22187,1078,1078,279916,0,0,0,4,16,1773,12,220,22187
201808,33,1,1,New Hampshire,248,248,60268,23,46,10915,0,0,0,3,34,5331,170,170,39793,21,42,10296,0,0,0,1,24,4026
201808,34,1,2,New Jersey,842,842,189487,35,70,9422,13,44,12775,62,1127,106785,653,653,151045,31,62,8512,8,27,12093,32,841,71336
201808,35,4,8,New Mexico,408,408,98243,0,0,0,1,3,314,1,5,208,299,299,72575,0,0,0,1,3,314,0,0,0
201808,36,1,2,New York,1002,1002,267002,68,136,19075,16,49,5900,93,1638,202698,667,667,193869,54,108,15695,13,39,4848,57,1389,165950
201808,37,3,5,North Carolina,4488,4488,1035897,23,46,4781,1,3,165,103,2811,282058,3613,3613,843556,18,36,3528,0,0,0,64,2332,247367
201808,38,2,4,North Dakota,238,238,56435,2,4,990,1,3,426,2,159,16598,200,200,48480,2,4,990,1,3,426,2,159,16598
201808,39,2,3,Ohio,1455,1455,367407,8,16,1256,16,59,6958,25,432,37793,1117,1117,292038,5,10,1115,13,49,5255,17,367,32363
201808,40,3,7,Oklahoma,841,841,182560,9,18,1153,1,3,270,1,5,341,732,732,163243,7,14,927,1,3,270,0,0,0
201808,41,4,9,Oregon,991,991,282925,8,16,2377,1,3,463,21,696,103255,840,840,244382,8,16,2377,1,3,463,20,691,102837
201808,42,1,2,Pennsylvania,1382,1382,318148,37,74,12740,13,42,4655,21,342,36406,953,953,222221,37,74,12740,12,39,4267,18,313,32942
201808,44,1,1,Rhode Island,79,79,21761,1,2,180,0,0,0,2,106,9559,50,50,15824,0,0,0,0,0,0,1,100,9159
201808,45,3,5,South Carolina,2707,2707,624093,2,4,668,0,0,0,40,901,93728,1761,1761,406702,1,2,100,0,0,0,20,556,67492
201808,46,2,4,South Dakota,291,291,64918,6,12,1108,3,11,647,14,310,31158,227,227,51484,5,10,746,2,8,647,13,303,30480
201808,47,3,6,Tennessee,2795,2795,617190,17,34,3086,24,86,7671,24,822,67313,2035,2035,469572,7,14,1484,4,16,1345,10,634,51291
201808,48,3,7,Texas,11294,11294,2479350,73,146,13899,28,107,11928,93,4017,418483,8581,8581,1982209,49,98,9512,10,37,4486,62,3452,366317
201808,49,4,8,Utah,1773,1773,470617,6,12,1835,20,71,9695,48,550,63335,1559,1559,405991,5,10,1462,12,44,5069,40,444,48604
201808,50,1,1,Vermont,120,120,36420,1,2,400,0,0,0,3,15,1081,60,60,16317,1,2,400,0,0,0,0,0,0
201808,51,3,5,Virginia,1865,1865,396269,25,50,5130,8,30,4382,17,269,28170,1600,1600,336211,25,50,5130,8,30,4382,13,191,18725
201808,53,4,9,Washington,2324,2324,678150,57,114,21623,29,103,19821,85,1797,226287,1690,1690,493211,52,104,20179,27,97,18886,76,1728,218518
201808,54,3,5,West Virginia,246,246,47180,2,4,391,1,3,203,3,256,27561,214,214,41265,2,4,391,0,0,0,1,245,27000
201808,55,2,3,Wisconsin,1258,1258,336581,43,86,12379,2,7,527,18,315,31115,985,985,263778,36,72,9443,1,4,205,9,206,20591
201808,56,4,8,Wyoming,132,132,52784,3,6,1033,1,4,344,2,13,1577,54,54,33347,0,0,0,0,0,0,0,0,0
201808,US,0,0,United States,78488,78488,19319340,969,1938,281064,437,1536,219234,1499,34971,4398860,61697,61697,15476371,776,1552,234312,316,1122,162762,1059,29352,3775601
201808,R1,1,0,Northeast Region,4839,4839,1241997,194,388,63609,51,164,27541,216,3597,412115,3309,3309,878301,161,322,54477,39,125,23791,119,2838,307182
201808,R2,2,0,Midwest Region,12110,12110,3062013,194,388,48369,87,295,39219,247,6897,897952,9128,9128,2379168,146,292,36302,74,254,33461,171,5905,802671
201808,R3,3,0,South Region,42083,42083,9546676,326,652,78073,166,611,63993,557,16437,1877991,33128,33128,7690423,258,516,64983,107,400,42248,386,13638,1618923
201808,R4,4,0,West Region,19456,19456,5468654,255,510,91013,133,466,88481,479,8040,1210802,16132,16132,4528479,211,422,78550,96,343,63262,383,6971,1046825
201808,D1,1,1,New England Division,1613,1613,467361,54,108,22372,9,29,4212,40,490,66226,1036,1036,311166,39,78,17530,6,20,2582,12,295,36954
201808,D2,1,2,Middle Atlantic Division,3226,3226,774636,140,280,41237,42,135,23329,176,3107,345889,2273,2273,567135,122,244,36947,33,105,21209,107,2543,270228
201808,D3,2,3,East North Central Division,7109,7109,1852917,107,214,31549,45,153,25549,123,2279,235755,5391,5391,1455734,78,156,23432,36,124,20984,68,1649,173851
201808,D4,2,4,West North Central Division,5001,5001,1209096,87,174,16820,42,142,13670,124,4618,662197,3737,3737,923434,68,136,12870,38,130,12477,103,4256,628820
201808,D5,3,5,South Atlantic Division,22825,22825,5357767,168,336,48507,94,347,39194,352,10146,1233068,18967,18967,4468653,156,312,45934,84,313,34335,254,8536,1083455
201808,D6,3,6,East South Central Division,5320,5320,1141729,49,98,9775,34,123,10590,88,1675,161767,3806,3806,843641,31,62,6012,10,39,2451,52,1110,110340
201808,D7,3,7,West South Central Division,13938,13938,3047180,109,218,19791,38,141,14209,117,4616,483156,10355,10355,2378129,71,142,13037,13,48,5462,80,3992,425128
201808,D8,4,8,Mountain Division,10372,10372,2729501,89,178,26308,56,202,30558,207,2353,290614,8936,8936,2343294,64,128,20591,39,141,21617,167,1978,240368
201808,D9,4,9,Pacific Division,9084,9084,2739153,166,332,64705,77,264,57923,272,5687,920188,7196,7196,2185185,147,294,57959,57,202,41645,216,4993,806457
