Survey,FIPS,Region,Division,State,,1-unit,,,2-units,,,3-4 units,,,5+ units,,,1-unit rep,,,2-units rep,,,3-4 units rep       ,,,5+ units rep
Date,State,Code,Code,Name,Bldgs,Units,Value,Bldgs,Units,Value,Bldgs,Units,Value,      Bldgs,Units,Value,Bldgs,Units,Value,Bldgs,Units,Value,      Bldgs,Units,Value,Bldgs,Units,Value
 
201907,01,3,6,Alabama,1248,1248,255046,5,10,1090,1,4,472,16,294,26401,1064,1064,219324,4,8,843,1,4,472,12,237,21443
201907,02,4,9,Alaska,126,126,37812,5,10,1572,3,12,1809,3,34,6741,34,34,9530,1,2,346,2,8,1114,1,20,4528
201907,04,4,8,Arizona,3061,3061,818210,27,54,11735,7,21,4217,20,782,167661,2675,2675,721705,25,50,11311,6,18,4002,15,552,129790
201907,05,3,7,Arkansas,691,691,154774,11,22,1910,3,10,530,20,273,24730,522,522,124093,6,12,1137,0,0,0,15,230,21943
201907,06,4,9,California,5197,5197,1514318,100,200,41937,40,149,23018,140,4378,965598,4315,4315,1232772,91,182,37534,33,126,19516,109,3914,885936
201907,08,4,8,Colorado,2952,2952,878966,19,38,3406,18,58,9471,18,800,118880,2738,2738,809983,18,36,3158,6,22,3045,12,667,103022
201907,09,1,1,Connecticut,236,236,73797,3,6,1094,4,13,1776,11,180,40470,184,184,48149,2,4,921,4,13,1776,3,135,33690
201907,10,3,5,Delaware,571,571,74867,4,8,1375,3,12,1427,6,33,4124,457,457,64289,4,8,1375,3,12,1427,4,23,3169
201907,11,3,5,District of Columbia,9,9,2137,3,6,671,0,0,0,6,982,110225,9,9,2137,3,6,671,0,0,0,6,982,110225
201907,12,3,5,Florida,9074,9074,2430675,99,198,31761,22,74,38714,88,3763,407042,8288,8288,2228450,95,190,30741,20,68,35976,73,3424,371466
201907,13,3,5,Georgia,3522,3522,806196,23,46,12333,13,43,5299,38,540,56008,2802,2802,643504,22,44,12158,12,39,5053,30,428,42169
201907,15,4,9,Hawaii,270,270,91327,0,0,0,0,0,0,0,0,0,168,168,59663,0,0,0,0,0,0,0,0,0
201907,16,4,8,Idaho,1046,1046,230330,6,12,1472,29,114,9290,30,499,53706,583,583,124602,3,6,661,26,103,7367,19,338,37716
201907,17,2,3,Illinois,895,895,226519,17,34,6716,29,101,16445,23,1065,110214,645,645,160447,13,26,5420,28,98,16043,13,942,96349
201907,18,2,3,Indiana,1521,1521,394337,9,18,2544,11,34,2729,21,288,29617,1300,1300,343293,8,16,2364,11,34,2729,16,256,26729
201907,19,2,4,Iowa,731,731,176164,39,78,8749,1,4,520,6,229,23575,511,511,135648,39,78,8749,1,4,520,5,224,23115
201907,20,2,4,Kansas,496,496,134518,23,46,4219,8,28,4523,3,52,5940,369,369,106356,3,6,986,7,25,4248,2,44,5380
201907,21,3,6,Kentucky,765,765,171690,54,108,13431,7,26,1519,23,421,39531,453,453,99674,50,100,12443,6,23,1017,8,114,8332
201907,22,3,7,Louisiana,1366,1366,274025,12,24,2211,2,6,733,2,58,11510,923,923,186211,2,4,320,0,0,0,0,0,0
201907,23,1,1,Maine,408,408,103481,6,12,1542,1,3,250,4,43,5120,249,249,67013,3,6,780,0,0,0,2,32,4051
201907,24,3,5,Maryland,1012,1012,237690,12,24,3300,2,8,1000,11,235,33028,986,986,233067,12,24,3300,2,8,1000,10,104,13176
201907,25,1,1,Massachusetts,584,584,182131,31,62,10639,7,21,4210,31,622,83196,363,363,119090,20,40,6601,5,15,3320,12,431,55606
201907,26,2,3,Michigan,1378,1378,361518,21,42,3945,8,30,2590,56,440,75362,927,927,245244,18,36,3283,5,18,1351,44,343,63209
201907,27,2,4,Minnesota,1523,1523,415685,17,34,8441,6,23,4564,24,803,91163,1185,1185,336819,17,34,8441,6,23,4564,10,707,83095
201907,28,3,6,Mississippi,651,651,122179,2,4,598,1,4,401,3,20,1097,497,497,95572,0,0,0,0,0,0,0,0,0
201907,29,2,4,Missouri,916,916,218113,45,90,10573,3,11,1851,9,290,27625,746,746,173198,34,68,7687,2,8,1326,6,231,22181
201907,30,4,8,Montana,206,206,54199,9,18,3073,11,39,5794,6,56,4819,154,154,40194,4,8,1240,5,17,2220,3,20,768
201907,31,2,4,Nebraska,371,371,78568,2,4,524,0,0,0,1,41,4946,235,235,46392,0,0,0,0,0,0,0,0,0
201907,32,4,8,Nevada,1491,1491,383189,6,12,1012,10,31,5168,17,331,32726,1289,1289,327618,5,10,781,9,27,4735,7,167,14741
201907,33,1,1,New Hampshire,268,268,63302,5,10,1642,2,7,884,9,68,5664,133,133,36063,4,8,1378,2,7,884,4,31,2255
201907,34,1,2,New Jersey,1179,1179,209580,54,108,13195,15,51,4798,101,1164,89406,936,936,160452,37,74,10281,12,41,4219,56,725,54803
201907,35,4,8,New Mexico,372,372,89751,0,0,0,0,0,0,7,112,10640,186,186,46216,0,0,0,0,0,0,4,96,9585
201907,36,1,2,New York,1021,1021,283100,61,122,18003,20,65,9069,107,2486,318547,676,676,199140,45,90,14020,15,50,7604,68,2201,279022
201907,37,3,5,North Carolina,4254,4254,944013,20,40,3842,6,22,2964,83,1430,130693,3430,3430,765043,13,26,2308,6,22,2964,35,901,98640
201907,38,2,4,North Dakota,168,168,44632,1,2,285,1,4,568,3,114,12419,115,115,32000,1,2,285,1,4,568,2,108,11975
201907,39,2,3,Ohio,1391,1391,390936,28,56,6801,5,18,1804,12,374,42906,1059,1059,301728,16,32,4559,4,15,1360,9,359,41896
201907,40,3,7,Oklahoma,995,995,208403,18,36,3514,1,3,305,4,73,6772,586,586,125849,9,18,1650,0,0,0,1,50,5215
201907,41,4,9,Oregon,903,903,249620,26,52,13065,3,10,1363,35,784,75305,805,805,226622,25,50,12738,2,7,1104,33,774,74450
201907,42,1,2,Pennsylvania,1394,1394,319610,32,64,9367,59,206,25013,41,482,66208,959,959,219865,21,42,6520,49,176,22231,24,331,47619
201907,44,1,1,Rhode Island,97,97,25512,6,12,2340,1,4,444,0,0,0,67,67,18944,4,8,1708,1,4,444,0,0,0
201907,45,3,5,South Carolina,2844,2844,628538,10,20,1762,1,3,238,12,224,18358,2141,2141,465405,9,18,1508,0,0,0,1,50,7090
201907,46,2,4,South Dakota,317,317,71773,4,8,1062,3,10,619,5,79,8300,174,174,43551,4,8,1062,1,4,300,0,0,0
201907,47,3,6,Tennessee,2483,2483,561226,6,12,1031,15,49,4158,36,1152,134810,1576,1576,376066,1,2,350,12,38,3533,30,1085,127872
201907,48,3,7,Texas,10963,10963,2369153,90,180,17073,62,232,22721,161,6140,688833,8155,8155,1843632,59,118,12037,49,192,19778,138,5641,627768
201907,49,4,8,Utah,1593,1593,447733,5,10,1359,13,46,6090,27,558,84819,1346,1346,373201,3,6,796,9,33,4392,15,450,68713
201907,50,1,1,Vermont,89,89,22295,2,4,1106,1,4,350,5,34,3047,63,63,16662,1,2,879,0,0,0,1,9,1033
201907,51,3,5,Virginia,1876,1876,412830,14,28,1569,7,28,2920,61,1331,96506,1560,1560,339557,14,28,1569,7,28,2920,52,1160,76943
201907,53,4,9,Washington,2284,2284,645438,55,110,22418,38,137,22834,88,1897,219878,1665,1665,467814,50,100,21018,36,130,21982,77,1547,188477
201907,54,3,5,West Virginia,200,200,39359,4,8,1020,15,60,4800,11,55,5561,167,167,35554,3,6,742,15,60,4800,0,0,0
201907,55,2,3,Wisconsin,1065,1065,287257,40,80,11712,2,7,1362,37,395,68788,837,837,223729,36,72,10366,1,3,761,16,203,46350
201907,56,4,8,Wyoming,146,146,43338,5,10,1574,3,9,649,1,8,678,87,87,28809,4,8,950,0,0,0,0,0,0
201907,US,0,0,United States,78219,78219,19259858,1096,2192,325612,523,1854,262273,1482,36512,4649197,61394,61394,15349942,861,1722,269977,422,1527,222664,1003,30286,3951535
201907,R1,1,0,Northeast Region,5276,5276,1282808,200,400,58927,110,374,46794,309,5079,611660,3630,3630,885378,137,274,43088,88,306,40479,170,3895,478078
201907,R2,2,0,Midwest Region,10772,10772,2800019,246,492,65572,77,270,37574,200,4170,500855,8103,8103,2148406,189,378,53202,67,236,33769,123,3417,420279
201907,R3,3,0,South Region,42524,42524,9692799,387,774,98491,161,584,88203,581,17024,1795229,33616,33616,7847428,306,612,83154,133,494,78939,415,14429,1535452
201907,R4,4,0,West Region,19647,19647,5484232,263,526,102622,175,626,89702,392,10239,1741453,16045,16045,4468730,229,458,90533,134,491,69477,295,8545,1517726
201907,D1,1,1,New England Division,1682,1682,470518,53,106,18362,16,52,7914,60,947,137499,1059,1059,305921,34,68,12267,12,39,6425,22,638,96635
201907,D2,1,2,Middle Atlantic Division,3594,3594,812290,147,294,40565,94,322,38880,249,4132,474161,2571,2571,579457,103,206,30821,76,267,34054,148,3257,381443
201907,D3,2,3,East North Central Division,6250,6250,1660567,115,230,31718,55,190,24929,149,2562,326887,4768,4768,1274442,91,182,25991,49,168,22243,98,2103,274533
201907,D4,2,4,West North Central Division,4522,4522,1139452,131,262,33854,22,80,12645,51,1608,173968,3335,3335,873964,98,196,27211,18,68,11526,25,1314,145746
201907,D5,3,5,South Atlantic Division,23362,23362,5576304,189,378,57632,69,250,57362,316,8593,861545,19840,19840,4777006,175,350,54373,65,237,54140,211,7072,722878
201907,D6,3,6,East South Central Division,5147,5147,1110141,67,134,16151,24,83,6551,78,1887,201839,3590,3590,790637,55,110,13636,19,65,5021,50,1436,157648
201907,D7,3,7,West South Central Division,14015,14015,3006354,131,262,24708,68,251,24290,187,6544,731845,10186,10186,2279785,76,152,15145,49,192,19778,154,5921,654926
201907,D8,4,8,Mountain Division,10867,10867,2945716,77,154,23631,91,318,40678,126,3146,473930,9058,9058,2472329,62,124,18897,61,220,25761,75,2290,364336
201907,D9,4,9,Pacific Division,8780,8780,2538516,186,372,78991,84,308,49024,266,7093,1267523,6987,6987,1996401,167,334,71636,73,271,43716,220,6255,1153390
