Survey,FIPS,Region,Division,State,,1-unit,,,2-units,,,3-4 units,,,5+ units,,,1-unit rep,,,2-units rep,,,3-4 units rep       ,,,5+ units rep
Date,State,Code,Code,Name,Bldgs,Units,Value,Bldgs,Units,Value,Bldgs,Units,Value,      Bldgs,Units,Value,Bldgs,Units,Value,Bldgs,Units,Value,      Bldgs,Units,Value,Bldgs,Units,Value
 
201912,01,3,6,Alabama,1023,1023,218939,7,14,1626,10,38,7303,8,291,79161,734,734,161651,5,10,904,9,34,6706,3,213,69190
201912,02,4,9,Alaska,80,80,24273,2,4,646,1,3,521,3,30,3246,5,5,1357,2,4,646,0,0,0,1,12,400
201912,04,4,8,Arizona,2582,2582,704905,38,76,8829,1,3,492,19,1118,153903,2456,2456,675861,37,74,8531,1,3,492,14,848,108255
201912,05,3,7,Arkansas,617,617,143780,34,68,11713,8,30,3343,10,607,88145,494,494,122263,30,60,11152,5,20,2812,6,569,85659
201912,06,4,9,California,5723,5723,1527123,87,174,36135,31,109,21148,174,5517,845680,4994,4994,1306131,80,160,31576,24,88,17701,140,4802,703520
201912,08,4,8,Colorado,2131,2131,609720,11,22,2624,4,15,2559,33,1869,214702,1829,1829,529436,10,20,2300,4,15,2559,28,1807,206280
201912,09,1,1,Connecticut,133,133,46104,0,0,0,0,0,0,14,311,42237,99,99,26792,0,0,0,0,0,0,7,247,34357
201912,10,3,5,Delaware,423,423,57132,6,12,1220,2,7,912,2,11,921,332,332,48426,6,12,1220,2,7,912,1,6,450
201912,11,3,5,District of Columbia,5,5,1187,12,24,2684,0,0,0,2,28,3143,5,5,1187,12,24,2684,0,0,0,2,28,3143
201912,12,3,5,Florida,7674,7674,2012184,73,146,22706,28,109,18805,117,4150,729096,6818,6818,1793967,70,140,21908,26,103,17691,106,3918,704766
201912,13,3,5,Georgia,3364,3364,709639,2,4,342,10,39,5806,24,320,34381,2659,2659,551594,1,2,50,9,35,5560,18,250,26800
201912,15,4,9,Hawaii,187,187,63715,0,0,0,0,0,0,3,155,30327,57,57,18355,0,0,0,0,0,0,0,0,0
201912,16,4,8,Idaho,881,881,186013,10,20,2620,14,52,5637,16,295,30522,744,744,153510,9,18,2209,13,49,5347,15,256,25931
201912,17,2,3,Illinois,551,551,153150,10,20,3263,13,43,7106,34,1411,130150,375,375,109343,7,14,2227,12,40,6778,19,1306,115857
201912,18,2,3,Indiana,1266,1266,362090,12,24,3780,0,0,0,9,185,30420,1156,1156,336722,10,20,3242,0,0,0,4,152,27476
201912,19,2,4,Iowa,408,408,92012,3,6,947,2,8,1611,4,84,10736,313,313,76414,3,6,947,2,8,1611,3,79,10275
201912,20,2,4,Kansas,366,366,98084,25,50,5358,7,25,6314,6,56,4998,282,282,77836,11,22,3203,7,25,6314,5,49,4508
201912,21,3,6,Kentucky,452,452,104763,11,22,2292,4,15,2365,13,223,28490,276,276,62436,7,14,1303,4,15,2365,3,43,5902
201912,22,3,7,Louisiana,1019,1019,211940,11,22,2209,2,7,1351,2,51,10066,527,527,116261,1,2,130,0,0,0,0,0,0
201912,23,1,1,Maine,168,168,35419,3,6,1611,0,0,0,3,15,1129,89,89,19230,2,4,1350,0,0,0,0,0,0
201912,24,3,5,Maryland,811,811,190337,19,38,3913,0,0,0,12,708,117561,803,803,188937,19,38,3913,0,0,0,12,708,117561
201912,25,1,1,Massachusetts,379,379,108717,14,28,4842,10,32,7523,47,971,135227,236,236,72242,9,18,3118,9,29,6923,27,702,95696
201912,26,2,3,Michigan,1008,1008,246659,1,2,226,1,4,318,14,91,11295,716,716,178122,0,0,0,0,0,0,3,36,5098
201912,27,2,4,Minnesota,963,963,271862,8,16,3251,11,44,4475,35,1956,278945,917,917,259300,7,14,2543,11,44,4475,24,1892,275552
201912,28,3,6,Mississippi,449,449,85345,2,4,598,11,44,6556,3,18,1192,311,311,63200,0,0,0,10,40,6155,0,0,0
201912,29,2,4,Missouri,803,803,193165,59,118,13085,8,32,3466,18,358,39938,733,733,168332,59,118,13085,8,32,3466,17,353,39293
201912,30,4,8,Montana,120,120,33510,5,10,1577,5,19,3002,3,40,4674,97,97,27192,2,4,664,2,7,904,0,0,0
201912,31,2,4,Nebraska,304,304,68101,1,2,262,7,21,4781,2,83,11111,165,165,34540,0,0,0,7,21,4781,1,34,5200
201912,32,4,8,Nevada,821,821,225537,5,10,2242,4,12,2092,27,433,53567,650,650,176565,4,8,2011,4,12,2092,17,232,31383
201912,33,1,1,New Hampshire,163,163,50534,4,8,1243,0,0,0,4,31,3149,106,106,41059,1,2,370,0,0,0,1,9,1500
201912,34,1,2,New Jersey,745,745,173913,35,70,11230,16,53,30481,85,1822,263429,604,604,145807,31,62,10345,15,50,30277,38,963,112444
201912,35,4,8,New Mexico,282,282,67324,1,2,192,0,0,0,3,24,1658,169,169,40992,1,2,192,0,0,0,0,0,0
201912,36,1,2,New York,575,575,228505,52,104,14978,13,40,5039,108,3841,495675,441,441,197380,39,78,11744,10,30,3991,70,3398,430468
201912,37,3,5,North Carolina,3586,3586,832127,4,8,870,2,8,630,79,1442,150682,2647,2647,620709,3,6,700,2,8,630,51,1019,125019
201912,38,2,4,North Dakota,35,35,8407,0,0,0,0,0,0,0,0,0,17,17,4948,0,0,0,0,0,0,0,0,0
201912,39,2,3,Ohio,1088,1088,326357,4,8,614,4,14,1839,18,274,18950,880,880,279648,2,4,373,2,8,1478,15,259,17924
201912,40,3,7,Oklahoma,715,715,159833,37,74,8322,0,0,0,1,14,1077,398,398,94602,31,62,6978,0,0,0,0,0,0
201912,41,4,9,Oregon,684,684,171253,9,18,3216,4,15,3251,53,1104,139501,631,631,156015,9,18,3216,4,15,3251,51,1086,137191
201912,42,1,2,Pennsylvania,996,996,239674,22,44,6164,10,36,4845,22,1138,199071,806,806,193665,12,24,3970,10,36,4845,17,1025,184705
201912,44,1,1,Rhode Island,80,80,21043,5,10,866,6,23,1142,0,0,1317,70,70,19389,5,10,866,6,23,1142,0,0,1317
201912,45,3,5,South Carolina,2295,2295,562544,6,12,1268,1,3,238,11,199,15210,1623,1623,383280,5,10,1015,0,0,0,0,0,0
201912,46,2,4,South Dakota,150,150,33012,1,2,266,3,11,996,10,141,17899,121,121,27025,1,2,266,2,8,996,9,122,15323
201912,47,3,6,Tennessee,2019,2019,451939,6,12,1081,49,174,19917,21,985,104234,1522,1522,357955,1,2,400,46,162,19234,17,950,100947
201912,48,3,7,Texas,9699,9699,2085939,104,208,22476,43,159,11609,134,4648,542621,7336,7336,1683627,72,144,16864,30,118,8370,111,4178,483820
201912,49,4,8,Utah,1166,1166,297268,1,2,268,10,36,7288,25,355,49915,1058,1058,266720,0,0,0,7,25,5245,21,300,41514
201912,50,1,1,Vermont,20,20,5290,1,2,227,0,0,0,3,36,3029,14,14,3800,0,0,0,0,0,0,0,0,0
201912,51,3,5,Virginia,1461,1461,320325,14,28,1943,4,15,1759,13,964,104126,1303,1303,282897,13,26,1700,4,15,1759,7,829,88432
201912,53,4,9,Washington,1777,1777,511774,65,130,23479,22,82,13471,80,2452,305850,1396,1396,403956,63,126,22804,22,82,13471,75,2375,299110
201912,54,3,5,West Virginia,135,135,24229,0,0,0,1,3,199,11,58,6007,114,114,20879,0,0,0,0,0,0,1,8,650
201912,55,2,3,Wisconsin,561,561,174545,34,68,10499,1,3,2830,20,238,26834,436,436,140002,31,62,9422,1,3,2830,2,105,15380
201912,56,4,8,Wyoming,59,59,16864,3,6,601,1,3,353,0,0,0,44,44,12330,2,4,425,0,0,0,0,0,0
201912,US,0,0,United States,63002,63002,15548103,879,1758,250403,384,1389,223373,1358,41151,5575196,50608,50608,12733888,725,1450,212565,330,1210,203165,962,35168,4758291
201912,R1,1,0,Northeast Region,3259,3259,909198,136,272,41161,55,184,49029,286,8165,1144264,2465,2465,719364,99,198,31762,50,168,47178,160,6344,860487
201912,R2,2,0,Midwest Region,7503,7503,2027444,158,316,41551,57,205,33737,170,4877,581275,6111,6111,1692232,131,262,35307,52,189,32730,102,4387,531884
201912,R3,3,0,South Region,35747,35747,8172182,348,696,85263,175,651,80793,463,14717,2016113,27902,27902,6553871,276,552,70923,147,557,72195,338,12719,1812337
201912,R4,4,0,West Region,16493,16493,4439279,237,474,82428,97,349,59814,439,13392,1833544,14130,14130,3768421,219,438,74573,81,296,51062,362,11718,1553583
201912,D1,1,1,New England Division,943,943,267106,27,54,8789,16,55,8664,71,1364,186088,614,614,182512,17,34,5704,15,52,8064,35,958,132870
201912,D2,1,2,Middle Atlantic Division,2316,2316,642092,109,218,32372,39,129,40365,215,6801,958176,1851,1851,536852,82,164,26058,35,116,39114,125,5386,727617
201912,D3,2,3,East North Central Division,4474,4474,1262801,61,122,18383,19,64,12093,95,2199,217649,3563,3563,1043837,50,100,15264,15,51,11086,43,1858,181734
201912,D4,2,4,West North Central Division,3029,3029,764643,97,194,23168,38,141,21644,75,2678,363626,2548,2548,648395,81,162,20043,37,138,21644,59,2529,350150
201912,D5,3,5,South Atlantic Division,19754,19754,4709704,136,272,34947,48,184,28349,271,7880,1161127,16304,16304,3891877,129,258,33191,43,168,26552,198,6766,1066820
201912,D6,3,6,East South Central Division,3943,3943,860986,26,52,5596,74,271,36141,45,1517,213076,2843,2843,645242,13,26,2607,69,251,34460,23,1206,176039
201912,D7,3,7,West South Central Division,12050,12050,2601492,186,372,44720,53,196,16303,147,5320,641910,8755,8755,2016752,134,268,35125,35,138,11183,117,4747,569478
201912,D8,4,8,Mountain Division,8042,8042,2141141,74,148,18953,39,140,21422,126,4134,508942,7047,7047,1882607,65,130,16332,31,111,16638,95,3443,413362
201912,D9,4,9,Pacific Division,8451,8451,2298138,163,326,63475,58,209,38392,313,9258,1324602,7083,7083,1885814,154,308,58241,50,185,34424,267,8275,1140221
