Survey,FIPS,Region,Division,State,,1-unit,,,2-units,,,3-4 units,,,5+ units,,,1-unit rep,,,2-units rep,,,3-4 units rep       ,,,5+ units rep
Date,State,Code,Code,Name,Bldgs,Units,Value,Bldgs,Units,Value,Bldgs,Units,Value,      Bldgs,Units,Value,Bldgs,Units,Value,Bldgs,Units,Value,      Bldgs,Units,Value,Bldgs,Units,Value
 
201906,01,3,6,Alabama,1201,1201,261659,3,6,866,1,4,554,7,184,31918,836,836,177414,0,0,0,0,0,0,3,143,28342
201906,02,4,9,Alaska,106,106,30985,3,6,892,1,4,695,3,23,2855,21,21,4778,2,4,692,0,0,0,1,10,800
201906,04,4,8,Arizona,2795,2795,734688,45,90,6758,2,6,1334,39,1468,156696,2467,2467,654919,44,88,6460,2,6,1334,34,1243,119663
201906,05,3,7,Arkansas,627,627,143487,29,58,8811,21,72,6989,6,166,13124,413,413,101907,25,50,8250,18,62,6459,2,132,11000
201906,06,4,9,California,5658,5658,1594923,92,184,36838,30,98,24037,129,3074,480028,4972,4972,1374970,85,170,33285,26,84,21414,104,2706,412053
201906,08,4,8,Colorado,2660,2660,788504,35,70,6472,18,57,9505,56,1115,147566,2343,2343,694669,35,70,6472,5,18,2422,49,1021,136752
201906,09,1,1,Connecticut,169,169,58507,30,60,6270,7,22,2279,11,85,9055,99,99,28217,28,56,5938,7,22,2279,2,35,2386
201906,10,3,5,Delaware,512,512,69081,6,12,1294,3,11,393,8,101,6076,422,422,60639,6,12,1294,3,11,393,7,96,5591
201906,11,3,5,District of Columbia,5,5,1187,3,6,671,0,0,0,4,119,13357,5,5,1187,3,6,671,0,0,0,4,119,13357
201906,12,3,5,Florida,8153,8153,2011439,98,196,26461,22,79,10231,88,2555,323211,7564,7564,1873277,96,192,26007,18,67,8607,79,2365,295176
201906,13,3,5,Georgia,3612,3612,776935,23,46,7071,13,43,4178,13,355,56163,2844,2844,610141,22,44,6896,11,37,3809,7,308,49647
201906,15,4,9,Hawaii,238,238,82540,0,0,0,8,24,15591,12,76,15264,144,144,53359,0,0,0,8,24,15591,12,76,15264
201906,16,4,8,Idaho,1025,1025,228159,5,10,1323,15,60,4495,7,127,13028,850,850,184597,4,8,1183,14,56,4179,3,64,6439
201906,17,2,3,Illinois,797,797,214823,26,52,8536,16,52,9237,28,383,63582,554,554,152087,23,46,7500,15,49,8835,21,336,58953
201906,18,2,3,Indiana,1490,1490,392299,15,30,2705,12,38,4230,25,583,56422,1268,1268,342918,11,22,1850,12,38,4230,20,553,53780
201906,19,2,4,Iowa,828,828,189026,6,12,2108,4,16,3021,19,571,72721,578,578,142346,4,8,1310,4,16,3021,18,566,72462
201906,20,2,4,Kansas,444,444,117076,28,56,6471,3,12,2244,4,99,12651,295,295,80794,11,22,3861,3,12,2244,1,67,10500
201906,21,3,6,Kentucky,703,703,155157,8,16,1652,1,4,650,11,230,23233,418,418,89676,3,6,550,1,4,650,1,5,700
201906,22,3,7,Louisiana,1160,1160,234825,16,32,3247,2,6,1194,3,60,9961,744,744,150070,3,6,812,0,0,0,0,0,0
201906,23,1,1,Maine,348,348,75561,12,24,3438,1,3,250,5,46,5463,152,152,30693,7,14,1844,0,0,0,0,0,0
201906,24,3,5,Maryland,1130,1130,249863,3,6,922,1,4,2954,5,601,115587,996,996,215380,1,2,300,0,0,0,4,577,111670
201906,25,1,1,Massachusetts,493,493,154203,25,50,8870,10,30,5471,29,805,173292,267,267,90307,10,20,3314,6,18,3134,10,582,140750
201906,26,2,3,Michigan,1548,1548,379158,15,30,4612,24,88,11456,17,166,15260,1037,1037,263873,12,24,3925,21,79,10747,6,111,9451
201906,27,2,4,Minnesota,1649,1649,445390,1,2,405,11,44,3275,18,513,65755,1246,1246,349644,1,2,405,11,44,3275,3,420,57159
201906,28,3,6,Mississippi,540,540,103529,4,8,768,1,3,301,3,17,1167,369,369,75222,4,8,768,0,0,0,0,0,0
201906,29,2,4,Missouri,959,959,249112,15,30,4011,6,21,2979,10,121,18634,771,771,196739,4,8,1124,5,18,2620,5,53,11657
201906,30,4,8,Montana,251,251,62075,24,48,7709,7,26,3217,4,39,3907,211,211,51078,20,40,6426,2,8,251,1,6,206
201906,31,2,4,Nebraska,412,412,100450,3,6,884,0,0,0,9,361,27495,265,265,64157,1,2,360,0,0,0,8,324,23032
201906,32,4,8,Nevada,1077,1077,282207,1,2,347,3,12,2049,30,1139,160953,998,998,259743,1,2,347,3,12,2049,29,1128,159854
201906,33,1,1,New Hampshire,247,247,61615,21,42,7508,0,0,0,5,40,3813,96,96,25618,6,12,1454,0,0,0,0,0,0
201906,34,1,2,New Jersey,1123,1123,177439,49,98,11054,38,127,10775,101,1367,120672,925,925,137539,30,60,7765,33,112,5820,52,775,69159
201906,35,4,8,New Mexico,402,402,94948,0,0,0,0,0,0,3,16,1055,246,246,58956,0,0,0,0,0,0,0,0,0
201906,36,1,2,New York,947,947,254667,55,110,18176,22,71,10114,71,2556,330047,634,634,176528,36,72,12682,15,46,6120,36,2214,279869
201906,37,3,5,North Carolina,4251,4251,1064679,13,26,3672,1,3,293,66,1834,208161,3227,3227,814063,6,12,2014,0,0,0,40,1437,181614
201906,38,2,4,North Dakota,214,214,52918,0,0,0,0,0,0,1,5,370,162,162,41956,0,0,0,0,0,0,0,0,0
201906,39,2,3,Ohio,1361,1361,368575,12,24,3151,20,76,8582,19,446,41729,1019,1019,290584,8,16,2362,18,70,8353,16,431,40719
201906,40,3,7,Oklahoma,780,780,158176,27,54,4260,0,0,0,3,24,1590,676,676,141694,24,48,3758,0,0,0,1,8,500
201906,41,4,9,Oregon,969,969,266062,14,28,4839,5,17,2480,20,269,32155,877,877,244871,13,26,4513,4,14,2031,17,252,30590
201906,42,1,2,Pennsylvania,1485,1485,379514,49,98,13850,60,232,28812,38,872,80810,1044,1044,279876,47,94,13007,59,229,28415,31,759,67452
201906,44,1,1,Rhode Island,78,78,24737,4,8,1163,0,0,0,3,16,1469,47,47,17952,1,2,187,0,0,0,1,6,962
201906,45,3,5,South Carolina,2609,2609,571681,4,8,1828,1,3,238,9,154,9647,1781,1781,392835,3,6,1635,0,0,0,0,0,0
201906,46,2,4,South Dakota,311,311,78316,5,10,1911,5,19,2377,4,55,5362,171,171,48930,5,10,1911,4,16,2058,0,0,0
201906,47,3,6,Tennessee,2500,2500,542529,35,70,6445,10,40,3605,16,436,43859,1510,1510,343725,21,42,4021,0,0,0,9,229,22060
201906,48,3,7,Texas,10136,10136,2248783,75,150,14260,79,302,36956,115,4588,491068,7476,7476,1757590,37,74,8153,66,261,33986,95,4175,442302
201906,49,4,8,Utah,1597,1597,428387,12,24,2002,15,53,8280,30,1209,174400,1344,1344,357134,11,22,1707,11,39,5707,21,1146,164294
201906,50,1,1,Vermont,90,90,26329,6,12,1890,1,4,350,1,12,760,36,36,10973,5,10,1675,0,0,0,0,0,0
201906,51,3,5,Virginia,1877,1877,400697,21,42,1780,8,29,3882,29,970,89156,1549,1549,328721,20,40,1538,8,29,3882,21,832,74286
201906,53,4,9,Washington,2082,2082,606715,53,106,19689,9,29,5801,57,1430,159275,1479,1479,425177,51,102,18600,6,20,4556,46,1114,131947
201906,54,3,5,West Virginia,216,216,40508,1,2,278,11,44,3520,2,21,1967,181,181,35630,0,0,0,11,44,3520,0,0,0
201906,55,2,3,Wisconsin,1077,1077,297082,17,34,6776,2,7,1047,26,396,34018,872,872,240446,13,26,5225,1,4,600,16,319,27237
201906,56,4,8,Wyoming,149,149,56321,10,20,2085,1,3,266,1,9,763,88,88,40799,8,16,1286,0,0,0,0,0,0
201906,US,0,0,United States,75091,75091,18387525,1057,2114,287029,531,1898,260189,1223,31907,3926567,58589,58589,14586399,811,1622,225335,431,1569,212593,836,26743,3339633
201906,R1,1,0,Northeast Region,4980,4980,1212571,251,502,72220,139,489,58052,264,5799,725380,3300,3300,797704,170,340,47866,120,427,45769,132,4371,560578
201906,R2,2,0,Midwest Region,11090,11090,2884225,143,286,41569,103,373,48448,180,3699,413999,8238,8238,2214473,93,186,29833,94,346,45983,114,3180,364949
201906,R3,3,0,South Region,40012,40012,9034215,369,738,84286,175,647,75938,388,12415,1439243,31011,31011,7169170,274,548,66666,136,515,61306,273,10426,1236244
201906,R4,4,0,West Region,19009,19009,5256514,294,588,88954,114,389,77751,391,9994,1347945,16040,16040,4405052,274,548,80970,81,281,59535,317,8766,1177862
201906,D1,1,1,New England Division,1425,1425,400951,98,196,29140,19,59,8351,54,1004,193851,697,697,203761,57,114,14412,13,40,5413,13,623,144098
201906,D2,1,2,Middle Atlantic Division,3555,3555,811620,153,306,43080,120,430,49701,210,4795,531529,2603,2603,593943,113,226,33454,107,387,40356,119,3748,416480
201906,D3,2,3,East North Central Division,6273,6273,1651936,85,170,25780,74,261,34552,115,1974,211011,4750,4750,1289907,67,134,20861,67,240,32765,79,1750,190139
201906,D4,2,4,West North Central Division,4817,4817,1232289,58,116,15789,29,112,13896,65,1725,202988,3488,3488,924566,26,52,8972,27,106,13218,35,1430,174810
201906,D5,3,5,South Atlantic Division,22365,22365,5186070,172,344,43977,60,216,25689,224,6710,823323,18569,18569,4331872,157,314,40355,51,188,20211,162,5734,731340
201906,D6,3,6,East South Central Division,4944,4944,1062874,50,100,9731,13,51,5110,37,867,100177,3133,3133,686036,28,56,5338,1,4,650,13,377,51102
201906,D7,3,7,West South Central Division,12703,12703,2785271,147,294,30578,102,380,45139,127,4838,515743,9309,9309,2151262,89,178,20973,84,323,40445,98,4315,453802
201906,D8,4,8,Mountain Division,9956,9956,2675290,132,264,26696,61,217,29147,170,5122,658367,8547,8547,2301896,123,246,23880,37,139,15943,137,4608,587208
201906,D9,4,9,Pacific Division,9053,9053,2581224,162,324,62258,53,172,48604,221,4872,689578,7493,7493,2103156,151,302,57090,44,142,43592,180,4158,590654
