Survey,FIPS,Region,Division,State,,1-unit,,,2-units,,,3-4 units,,,5+ units,,,1-unit rep,,,2-units rep,,,3-4 units rep,,,       5+ units rep
Date,State,Code,Code,Name,Bldgs,Units,Value,Bldgs,Units,Value,Bldgs,Units,Value,Bldgs,Units,Value,      Bldgs,Units,Value,Bldgs,Units,Value,      Bldgs,Units,Value,Bldgs,Units,Value
 
201502,01,3,6,Alabama,1561,1561,325615,2,4,413,19,68,6061,26,652,59147,1232,1232,254677,2,4,413,16,57,5265,18,606,54467
201502,02,4,9,Alaska,96,96,26780,7,14,1879,2,6,1092,0,0,0,17,17,3342,4,8,1145,0,0,0,0,0,0
201502,04,4,8,Arizona,2836,2836,718243,11,22,2931,13,45,7918,69,1029,118025,2409,2409,616626,8,16,2636,13,45,7918,43,774,93972
201502,05,3,7,Arkansas,823,823,168484,21,42,3145,73,290,22549,17,297,16770,750,750,156496,20,40,3055,73,290,22549,14,277,15652
201502,06,4,9,California,5497,5497,1731933,88,176,34265,31,111,19420,257,8704,1376062,4516,4516,1474983,79,158,30243,20,74,11359,171,7444,1220884
201502,08,4,8,Colorado,2339,2339,659640,29,58,11246,14,48,7481,49,890,128671,2064,2064,592387,25,50,9931,12,42,6778,24,717,117333
201502,09,1,1,Connecticut,204,204,73368,5,10,677,4,15,2240,10,169,26033,143,143,43834,2,4,273,1,4,765,3,113,22203
201502,10,3,5,Delaware,610,610,78293,20,40,5133,1,4,444,7,65,5872,436,436,62329,20,40,5133,1,4,444,1,5,686
201502,11,3,5,District of Columbia,35,35,7546,1,2,222,1,3,323,4,326,26505,35,35,7546,1,2,222,1,3,323,4,326,26505
201502,12,3,5,Florida,9019,9019,2432411,43,86,12567,68,254,51948,282,7434,927809,8090,8090,2207988,39,78,11217,65,242,50510,254,6916,867087
201502,13,3,5,Georgia,4445,4445,917448,7,14,1473,10,38,5553,32,1057,126856,3664,3664,772878,2,4,728,8,31,5235,23,989,121762
201502,15,4,9,Hawaii,409,409,140549,2,4,701,7,28,9095,21,806,242247,391,391,129908,2,4,701,7,28,9095,21,806,242247
201502,16,4,8,Idaho,923,923,199728,3,6,638,30,120,7390,2,16,1345,848,848,184257,1,2,212,30,120,7390,2,16,1345
201502,17,2,3,Illinois,786,786,217167,5,10,1192,6,19,2962,21,1245,117651,614,614,176679,3,6,640,5,16,2107,14,1198,113745
201502,18,2,3,Indiana,1176,1176,265172,15,30,3014,3,12,1411,19,213,26356,1057,1057,243093,15,30,3014,3,12,1411,11,156,23042
201502,19,2,4,Iowa,479,479,110136,2,4,477,3,10,1003,16,196,25442,355,355,86633,1,2,173,2,7,793,4,104,13391
201502,20,2,4,Kansas,510,510,117241,7,14,1561,1,4,480,13,416,46626,339,339,80156,4,8,970,1,4,480,11,401,45886
201502,21,3,6,Kentucky,882,882,147278,29,58,3840,16,56,4098,24,337,16114,471,471,72110,22,44,2350,10,36,1996,8,65,3666
201502,22,3,7,Louisiana,1991,1991,397366,24,48,4356,6,19,1480,33,695,65601,1197,1197,249856,12,24,2187,4,12,380,26,596,59205
201502,23,1,1,Maine,207,207,40721,0,0,0,1,4,540,4,35,5059,126,126,25745,0,0,0,1,4,540,2,25,1726
201502,24,3,5,Maryland,1379,1379,289025,2,4,1155,12,37,6916,15,699,64545,1259,1259,268910,1,2,800,0,0,0,13,524,48653
201502,25,1,1,Massachusetts,625,625,182992,21,42,5922,4,12,2175,42,1505,220864,439,439,125112,20,40,5740,1,3,200,27,1319,200615
201502,26,2,3,Michigan,1166,1166,262925,13,26,4062,2,6,937,15,143,13501,879,879,204856,13,26,4062,2,6,937,11,122,11888
201502,27,2,4,Minnesota,1157,1157,332911,12,24,2544,4,15,1782,41,636,54214,991,991,295825,12,24,2544,4,15,1782,11,486,41300
201502,28,3,6,Mississippi,749,749,133130,11,22,2958,10,35,1442,14,262,26085,469,469,86175,7,14,2143,0,0,0,10,229,23947
201502,29,2,4,Missouri,1093,1093,245643,21,42,3132,11,42,4394,19,441,38408,981,981,213676,18,36,2699,11,42,4394,15,327,34330
201502,30,4,8,Montana,235,235,51883,14,28,4744,5,19,3188,6,110,4630,233,233,51581,14,28,4744,5,19,3188,6,110,4630
201502,31,2,4,Nebraska,474,474,96199,2,4,444,0,0,0,5,178,11009,367,367,74763,2,4,444,0,0,0,3,121,9008
201502,32,4,8,Nevada,1424,1424,274953,0,0,0,0,0,0,44,701,43698,1297,1297,243139,0,0,0,0,0,0,39,588,31967
201502,33,1,1,New Hampshire,126,126,28835,3,6,941,1,3,480,16,122,14551,107,107,24905,1,2,362,1,3,480,4,54,5326
201502,34,1,2,New Jersey,1334,1334,306256,45,90,11650,11,35,4382,115,1386,134235,925,925,228287,32,64,8570,7,23,3096,41,470,50149
201502,35,4,8,New Mexico,505,505,103078,2,4,683,4,14,1389,2,10,417,357,357,76606,0,0,0,1,4,550,0,0,0
201502,36,1,2,New York,880,880,283238,61,122,14908,26,87,9495,90,2833,275623,504,504,196253,48,96,11880,23,78,8694,69,2687,263869
201502,37,3,5,North Carolina,4956,4956,1048269,33,66,9537,2,8,764,97,2725,185175,4307,4307,909309,33,66,9537,2,8,764,89,2417,165388
201502,38,2,4,North Dakota,72,72,16591,1,2,380,0,0,0,4,121,16491,45,45,11312,1,2,380,0,0,0,1,5,800
201502,39,2,3,Ohio,1210,1210,295386,4,8,331,11,41,3880,46,526,41521,1020,1020,261632,1,2,301,11,41,3880,31,437,37067
201502,40,3,7,Oklahoma,1564,1564,321686,11,22,1627,3,11,855,19,355,22045,1452,1452,302173,10,20,1457,2,8,600,19,355,22045
201502,41,4,9,Oregon,1414,1414,370658,26,52,8653,1,3,560,26,753,98521,1231,1231,330014,26,52,8653,1,3,560,23,721,95403
201502,42,1,2,Pennsylvania,1437,1437,310828,7,14,1625,14,46,4693,30,802,133262,1059,1059,235555,7,14,1625,13,42,3913,24,767,129479
201502,44,1,1,Rhode Island,56,56,13297,0,0,0,0,0,0,0,0,0,46,46,9982,0,0,0,0,0,0,0,0,0
201502,45,3,5,South Carolina,3509,3509,784176,7,14,1615,0,0,0,32,921,102438,2497,2497,562769,7,14,1615,0,0,0,18,708,88089
201502,46,2,4,South Dakota,236,236,43223,2,4,463,0,0,0,5,126,10615,85,85,18788,2,4,463,0,0,0,1,18,1900
201502,47,3,6,Tennessee,2956,2956,583695,19,38,4555,24,93,6831,40,1041,84669,2256,2256,463827,18,36,4464,24,93,6831,38,1028,83461
201502,48,3,7,Texas,16080,16080,3375061,148,296,32668,28,102,8438,309,10080,834373,13357,13357,2935569,138,276,30514,25,93,7526,245,9194,771841
201502,49,4,8,Utah,1519,1519,380518,2,4,690,16,57,8790,15,180,18195,1320,1320,334588,1,2,396,14,51,7833,9,116,12233
201502,50,1,1,Vermont,53,53,14291,2,4,439,2,7,644,6,158,14666,36,36,11065,1,2,240,2,7,644,3,142,13531
201502,51,3,5,Virginia,2554,2554,536773,23,46,6500,4,15,1670,30,875,106670,2296,2296,476290,20,40,5741,4,15,1670,22,578,63238
201502,53,4,9,Washington,2516,2516,686742,53,106,17595,22,79,16210,89,4290,582759,2056,2056,568514,37,74,13896,20,71,15205,60,4002,557414
201502,54,3,5,West Virginia,213,213,41297,1,2,289,7,23,1531,15,96,7892,81,81,18712,0,0,0,2,7,832,0,0,0
201502,55,2,3,Wisconsin,765,765,182927,10,20,2534,9,32,3415,25,715,89464,528,528,129812,8,16,1982,5,20,2041,11,524,69855
201502,56,4,8,Wyoming,156,156,48481,2,4,465,1,3,375,1,5,428,114,114,28051,1,2,145,0,0,0,0,0,0
201502,US,0,0,United States,87241,87241,20420090,879,1758,232840,543,1979,248726,2119,57377,6609154,71348,71348,17139571,741,1482,200639,453,1683,210959,1497,49583,5882230
201502,R1,1,0,Northeast Region,4922,4922,1253826,144,288,36163,63,209,24649,313,7010,824293,3385,3385,900738,111,222,28689,49,164,18331,173,5577,686899
201502,R2,2,0,Midwest Region,9124,9124,2185523,94,188,20133,50,181,20264,229,4956,491296,7261,7261,1797224,80,160,17673,44,163,17826,124,3899,402212
201502,R3,3,0,South Region,53326,53326,11587554,402,804,92053,284,1056,120905,996,27917,2678567,43849,43849,9807613,352,704,81575,237,899,104925,802,24813,2415691
201502,R4,4,0,West Region,19869,19869,5393187,239,478,84491,146,533,82908,581,17494,2614998,16853,16853,4633996,198,396,72702,123,457,69877,398,15294,2377428
201502,D1,1,1,New England Division,1271,1271,353505,31,62,7979,12,41,6079,78,1989,281173,897,897,240644,24,48,6614,6,21,2629,39,1653,243401
201502,D2,1,2,Middle Atlantic Division,3651,3651,900321,113,226,28184,51,168,18570,235,5021,543120,2488,2488,660094,87,174,22075,43,143,15702,134,3924,443498
201502,D3,2,3,East North Central Divisi,5103,5103,1223577,47,94,11133,31,110,12605,126,2842,288493,4098,4098,1016072,40,80,9999,26,95,10376,78,2437,255597
201502,D4,2,4,West North Central Divisi,4021,4021,961946,47,94,9000,19,71,7659,103,2114,202803,3163,3163,781152,40,80,7674,18,68,7450,46,1462,146615
201502,D5,3,5,South Atlantic Division,26720,26720,6135238,137,274,38491,105,382,69149,514,14198,1553762,22665,22665,5286730,123,246,34993,83,310,59779,424,12463,1381407
201502,D6,3,6,East South Central Divisi,6148,6148,1189718,61,122,11766,69,252,18433,104,2292,186016,4428,4428,876789,49,98,9369,50,186,14092,74,1928,165541
201502,D7,3,7,West South Central Divisi,20458,20458,4262598,204,408,41796,110,422,33323,378,11427,938789,16756,16756,3644094,180,360,37213,104,403,31055,304,10422,868743
201502,D8,4,8,Mountain Division,9937,9937,2436524,63,126,21398,83,306,36531,188,2941,315410,8642,8642,2127235,50,100,18064,75,281,33658,123,2321,261481
201502,D9,4,9,Pacific Division,9932,9932,2956663,176,352,63093,63,227,46377,393,14553,2299588,8211,8211,2506761,148,296,54638,48,176,36219,275,12973,2115948
