Survey,FIPS,Region,Division,State,,1-unit,,,2-units,,,3-4 units,,,5+ units,,,1-unit rep,,,2-units rep,,,3-4 units rep       ,,,5+ units rep
Date,State,Code,Code,Name,Bldgs,Units,Value,Bldgs,Units,Value,Bldgs,Units,Value,      Bldgs,Units,Value,Bldgs,Units,Value,Bldgs,Units,Value,      Bldgs,Units,Value,Bldgs,Units,Value
 
201502,01,3,6,Alabama,704,704,146606,1,2,273,10,33,4171,18,524,45989,541,541,110980,1,2,273,8,25,3525,13,493,43289
201502,02,4,9,Alaska,54,54,14395,2,4,572,1,3,546,0,0,0,11,11,1813,1,2,261,0,0,0,0,0,0
201502,04,4,8,Arizona,1438,1438,358941,5,10,1583,2,7,1277,52,689,74054,1202,1202,303575,3,6,1386,2,7,1277,38,554,61146
201502,05,3,7,Arkansas,420,420,84979,11,22,1887,70,280,22000,1,8,433,382,382,78575,10,20,1797,70,280,22000,0,0,0
201502,06,4,9,California,2745,2745,884215,39,78,13079,15,51,10223,127,4325,724061,2269,2269,759483,33,66,10574,7,24,4473,71,3339,605180
201502,08,4,8,Colorado,1240,1240,348158,6,12,2414,7,26,4711,30,633,101081,1093,1093,311614,4,8,1757,6,23,4360,15,510,92422
201502,09,1,1,Connecticut,84,84,30203,2,4,225,2,7,1030,4,30,1929,59,59,18786,1,2,98,1,4,765,2,13,948
201502,10,3,5,Delaware,300,300,38745,6,12,1275,1,4,444,5,53,5074,221,221,31555,6,12,1275,1,4,444,0,0,0
201502,11,3,5,District of Columbia,18,18,3881,0,0,0,0,0,0,4,326,26505,18,18,3881,0,0,0,0,0,0,4,326,26505
201502,12,3,5,Florida,4661,4661,1235538,25,50,7708,24,95,25203,156,4266,496892,4174,4174,1120990,22,44,6758,23,91,24724,140,3913,457574
201502,13,3,5,Georgia,2340,2340,485522,3,6,463,7,26,3535,20,760,104806,1954,1954,415237,0,0,0,6,23,3399,14,716,101414
201502,15,4,9,Hawaii,211,211,72396,1,2,440,0,0,0,3,291,68460,202,202,67526,1,2,440,0,0,0,3,291,68460
201502,16,4,8,Idaho,506,506,104323,1,2,213,24,96,6108,2,16,1345,465,465,95703,0,0,0,24,96,6108,2,16,1345
201502,17,2,3,Illinois,383,383,106623,3,6,650,3,9,1217,13,1191,111940,286,286,85046,2,4,350,3,9,1217,8,1155,109000
201502,18,2,3,Indiana,636,636,146832,4,8,1006,0,0,0,6,92,12593,573,573,135061,4,8,1006,0,0,0,1,50,10000
201502,19,2,4,Iowa,258,258,60473,1,2,303,2,7,508,15,188,24902,196,196,48915,0,0,0,1,4,299,3,96,12851
201502,20,2,4,Kansas,286,286,61983,3,6,729,1,4,480,6,303,33760,194,194,42578,2,4,532,1,4,480,5,293,33267
201502,21,3,6,Kentucky,368,368,65269,24,48,2660,6,21,1870,12,194,9368,159,159,27215,20,40,1820,2,7,450,2,29,1596
201502,22,3,7,Louisiana,1047,1047,204906,14,28,2231,5,16,1009,29,640,62096,667,667,139726,7,14,902,4,12,380,24,576,58105
201502,23,1,1,Maine,54,54,11936,0,0,0,0,0,0,1,5,1667,26,26,6658,0,0,0,0,0,0,0,0,0
201502,24,3,5,Maryland,669,669,141570,1,2,355,11,34,6524,9,211,17355,600,600,129362,0,0,0,0,0,0,8,105,7729
201502,25,1,1,Massachusetts,228,228,64213,11,22,2681,1,3,200,14,392,74192,143,143,39512,10,20,2499,1,3,200,7,318,66391
201502,26,2,3,Michigan,534,534,125572,2,4,350,2,6,937,5,59,3927,406,406,98289,2,4,350,2,6,937,3,48,3084
201502,27,2,4,Minnesota,529,529,157672,1,2,305,2,8,880,21,236,32808,465,465,139875,1,2,305,2,8,880,1,136,21300
201502,28,3,6,Mississippi,364,364,65515,10,20,2773,6,21,808,2,19,1251,212,212,40356,7,14,2143,0,0,0,0,0,0
201502,29,2,4,Missouri,537,537,126092,4,8,666,10,38,4051,13,247,14609,489,489,113241,2,4,392,10,38,4051,11,175,12044
201502,30,4,8,Montana,136,136,31855,4,8,860,4,15,1047,4,97,3637,135,135,31704,4,8,860,4,15,1047,4,97,3637
201502,31,2,4,Nebraska,261,261,54745,2,4,444,0,0,0,4,156,10236,206,206,43657,2,4,444,0,0,0,3,121,9008
201502,32,4,8,Nevada,854,854,170405,0,0,0,0,0,0,40,631,38146,800,800,156991,0,0,0,0,0,0,39,588,31967
201502,33,1,1,New Hampshire,47,47,9477,1,2,250,0,0,0,13,75,9659,37,37,7469,0,0,0,0,0,0,2,16,1417
201502,34,1,2,New Jersey,556,556,118479,22,44,6725,4,13,1531,56,564,51171,402,402,92965,18,36,5854,2,7,1074,13,178,25081
201502,35,4,8,New Mexico,242,242,50901,2,4,683,2,8,885,1,5,208,164,164,36791,0,0,0,1,4,550,0,0,0
201502,36,1,2,New York,366,366,108481,20,40,4828,9,28,2990,43,1126,109596,227,227,76860,18,36,4428,8,25,2702,30,1041,102877
201502,37,3,5,North Carolina,2530,2530,538803,25,50,8317,1,4,315,55,1580,119933,2224,2224,474786,25,50,8317,1,4,315,48,1278,101466
201502,38,2,4,North Dakota,34,34,8471,1,2,380,0,0,0,2,109,14730,23,23,6384,1,2,380,0,0,0,0,0,0
201502,39,2,3,Ohio,598,598,149813,1,2,10,2,6,565,18,151,9467,501,501,132691,0,0,0,2,6,565,5,76,5604
201502,40,3,7,Oklahoma,808,808,153177,6,12,897,3,11,855,11,153,9527,745,745,142239,5,10,727,2,8,600,11,153,9527
201502,41,4,9,Oregon,684,684,183798,21,42,6848,0,0,0,11,593,78510,600,600,165475,21,42,6848,0,0,0,9,574,76682
201502,42,1,2,Pennsylvania,620,620,130714,1,2,200,5,16,1218,21,713,124010,464,464,99572,1,2,200,5,16,1218,18,695,122006
201502,44,1,1,Rhode Island,17,17,4465,0,0,0,0,0,0,0,0,0,10,10,2665,0,0,0,0,0,0,0,0,0
201502,45,3,5,South Carolina,1733,1733,373980,5,10,1350,0,0,0,22,793,92115,1238,1238,265629,5,10,1350,0,0,0,14,663,83336
201502,46,2,4,South Dakota,128,128,24187,0,0,0,0,0,0,3,87,7461,54,54,12255,0,0,0,0,0,0,1,18,1900
201502,47,3,6,Tennessee,1451,1451,288773,14,28,2942,21,83,5720,12,284,23766,1111,1111,230233,13,26,2850,21,83,5720,10,271,22557
201502,48,3,7,Texas,7938,7938,1675378,71,142,16602,16,57,4016,181,5938,520709,6574,6574,1460216,66,132,15594,13,48,3104,136,5306,477574
201502,49,4,8,Utah,786,786,196418,0,0,0,13,45,7156,11,137,13876,675,675,171100,0,0,0,11,39,6200,7,84,8961
201502,50,1,1,Vermont,30,30,9608,1,2,240,1,3,444,3,97,9372,27,27,9048,1,2,240,1,3,444,2,91,8992
201502,51,3,5,Virginia,1173,1173,244394,5,10,956,1,4,800,9,256,31269,1048,1048,218519,3,6,480,1,4,800,5,125,17445
201502,53,4,9,Washington,1300,1300,356124,36,72,12387,16,58,12411,59,2339,303538,1065,1065,295885,28,56,10584,15,54,11909,39,2160,287858
201502,54,3,5,West Virginia,114,114,20693,1,2,289,4,14,1260,13,77,6638,37,37,8979,0,0,0,1,4,800,0,0,0
201502,55,2,3,Wisconsin,390,390,93959,5,10,1289,3,10,1327,11,354,51827,278,278,68505,4,8,964,1,4,580,3,230,39193
201502,56,4,8,Wyoming,95,95,33017,0,0,0,1,3,375,0,0,0,68,68,18299,0,0,0,0,0,0,0,0,0
201502,US,0,0,United States,43505,43505,10176675,424,848,111338,318,1173,140648,1171,32013,3690499,35720,35720,8594467,354,708,95039,263,992,117595,774,26917,3230740
201502,R1,1,0,Northeast Region,2002,2002,487577,58,116,15148,22,70,7413,155,3002,381597,1395,1395,353536,49,98,13319,18,58,6403,74,2352,327712
201502,R2,2,0,Midwest Region,4574,4574,1116421,27,54,6132,25,88,9965,117,3173,328258,3671,3671,926496,20,40,4724,22,79,9008,44,2398,257251
201502,R3,3,0,South Region,26638,26638,5767730,222,444,50978,186,703,78530,559,16082,1573727,21905,21905,4898476,190,380,44285,153,593,66261,429,13954,1408118
201502,R4,4,0,West Region,10291,10291,2804947,117,234,39080,85,312,44740,340,9756,1406917,8749,8749,2415959,95,190,32711,70,262,35923,227,8213,1237659
201502,D1,1,1,New England Division,460,460,129903,15,30,3396,4,13,1674,35,599,96819,302,302,84139,12,24,2837,3,10,1409,13,438,77748
201502,D2,1,2,Middle Atlantic Division,1542,1542,357674,43,86,11752,18,57,5739,120,2403,284778,1093,1093,269397,37,74,10482,15,48,4994,61,1914,249964
201502,D3,2,3,East North Central Divisi,2541,2541,622799,15,30,3306,10,31,4045,53,1847,189753,2044,2044,519591,12,24,2671,8,25,3298,20,1559,166882
201502,D4,2,4,West North Central Divisi,2033,2033,493622,12,24,2826,15,57,5920,64,1326,138505,1627,1627,406905,8,16,2053,14,54,5710,24,839,90369
201502,D5,3,5,South Atlantic Division,13538,13538,3083127,71,142,20713,49,181,38081,293,8322,900588,11514,11514,2668937,61,122,18180,33,130,30482,233,7126,795470
201502,D6,3,6,East South Central Divisi,2887,2887,566163,49,98,8647,43,158,12569,44,1021,80373,2023,2023,408783,41,82,7085,31,115,9695,25,793,67442
201502,D7,3,7,West South Central Divisi,10213,10213,2118440,102,204,21618,94,364,27880,222,6739,592766,8368,8368,1820756,88,176,19020,89,348,26084,171,6035,545206
201502,D8,4,8,Mountain Division,5297,5297,1294018,18,36,5754,53,200,21559,140,2208,232348,4602,4602,1125777,11,22,4004,48,184,19541,105,1849,199478
201502,D9,4,9,Pacific Division,4994,4994,1510929,99,198,33326,32,112,23181,200,7548,1174569,4147,4147,1290182,84,168,28707,22,78,16382,122,6364,1038181
